  0.22013127667242463       -1.8687233275753702E-002
  0.21683710528664119       -3.2941713857834315E-002
  0.21254957036641259       -4.2875349202285966E-002
  0.20768447136535598       -4.8650990010566192E-002
  0.20263665395398725       -5.0478174113687352E-002
  0.19777579178823043       -4.8608621657568213E-002
  0.19344264244310794       -4.3331493451224924E-002
  0.18994579873388637       -3.4968437092215657E-002
  0.18755895288883864       -2.3868458450477272E-002
  0.18651868619060866       -1.0402666982299909E-002
  0.18702279110317765        5.0410491256899365E-003
  0.18922912691912075        2.2063358159430897E-002
  0.19325500392576528        4.0258770066445335E-002
  0.19917708523566308        5.9220813098978010E-002
  0.20703178988049709        7.8547046448340027E-002
  0.21681617554656885        9.7843856660717501E-002
  0.22848927437632796       0.11673098829759121     
  0.24197385048276240       0.13484576106434434     
  0.25715854314525965       0.15184692662497243     
  0.27390035505803029       0.16741811912770654     
  0.29202744055521501       0.18127085497184753     
  0.31134214461158000       0.19314704056364990     
  0.33162423987907347       0.20282095267493455     
  0.35263430639856896       0.21010066519495466     
  0.37411719727724424       0.21482890878675248     
  0.39580553387085088       0.21688336593606625     
  0.41742317610041796       0.21617642229567055     
  0.43868861758101590       0.21265441480597944     
  0.45931826120376573       0.20629643622749844     
  0.47902953847855223       0.19711277274786487     
  0.49754384493985171       0.18514306461299485     
  0.51458927373484187       0.17045428794990214     
  0.52990313955495660       0.15313865820114753     
  0.54323429470441886       0.13331155149462309     
  0.55434524770146376       0.11110952997044855     
  0.56301410182115386        8.6688541196901212E-002
  0.56903633595365899        6.0222341325050818E-002
  0.57222645273476502        3.1901167811060872E-002
  0.57241951891180676        1.9306617704172441E-003
  0.56947262028761358       -2.9468986241932154E-002
  0.56326624842879225       -6.2063718588213572E-002
  0.55370562886138908       -9.5606195674031391E-002
  0.54072199106826302      -0.12983637793126038     
  0.52427376974020456      -0.16448221328058493     
  0.50434771503759190      -0.19926054702612611     
  0.48095987783747307      -0.23387837200118802     
  0.45415642493467284      -0.26803452902800251     
  0.42401422989062104      -0.30142195044051789     
  0.39064117868751635      -0.33373051203104703     
  0.35417612654108993      -0.36465052146426408     
  0.31478844403884382      -0.39387682502246113     
  0.27267709786752553      -0.42111346171318298     
  0.22806922409272637      -0.44607873774799167     
  0.18121817010871338      -0.46851053984012969     
  0.13240100428822738      -0.48817165820486008     
   8.1915518743874788E-002 -0.50485485544352582     
   3.0076778636606974E-002 -0.51838740107267811     
  -2.2786701105286911E-002 -0.52863479741893882     
  -7.6337046392442945E-002 -0.53550345287156031     
 -0.13023125761566401      -0.53894211223221045     
 -0.18412545034702513      -0.53894192731361112     
 -0.23767896409885242      -0.53553513751827275     
 -0.29055820624652440      -0.52879242147671957     
 -0.34244011302601979      -0.51881906779495368     
 -0.39301513172307612      -0.50575018697056351     
 -0.44198965580076416      -0.48974524077688020     
 -0.48908787537347337      -0.47098219572709210     
 -0.53405303662360426      -0.44965161250130925     
 -0.57664813314872254      -0.42595096525118231     
 -0.61665607791218913      -0.40007944763466557     
 -0.65387942510326524      -0.37223347191076106     
 -0.68813972606438378      -0.34260300961118584     
 -0.71927661236904328      -0.31136886304659506     
 -0.74714670247527670      -0.27870090106233469     
 -0.77162242682846949      -0.24475724353192796     
 -0.79259086073702467      -0.20968433908555223     
 -0.80995264575305337      -0.17361785016028716     
 -0.82362106956809134      -0.13668423815037928     
 -0.83352136236346230       -9.9002927953709519E-002
 -0.83959025474557314       -6.0688923821108187E-002
 -0.84177582926892225       -2.1855745233490716E-002
 -0.84003768434663451        1.7381449222877196E-002
 -0.83434741616436903        5.6902681822655163E-002
 -0.82468941103852145        9.6580051258475477E-002
 -0.81106192743251337       0.13627483606008114     
 -0.79347843351172354       0.17583493920789817     
 -0.77196915269245980       0.21509280819263721     
 -0.74658275626446435       0.25386396427995411     
 -0.71738812916018613       0.29194627104278270     
 -0.68447612284585468       0.32912006314331482     
 -0.64796119889275561       0.36514923953099060     
 -0.60798285904621019       0.39978339846545424     
 -0.56470675370428425       0.43276105341925919     
 -0.51832536187077993       0.46381391833504265     
 -0.46905814299246917       0.49267218878310770     
 -0.41715107548595332       0.51907067506515836     
 -0.36287551857542388       0.54275556910529454     
 -0.30652636298720881       0.56349155588215083     
 -0.24841947094565012       0.58106892041558700     
 -0.18888844478689246       0.59531026158757649     
 -0.12828080357472324       0.60607641212169217     
  -6.6953685045262681E-002  0.61327118529460556     
  -5.2692225270227627E-003  0.61684462518239913     
   5.6410230048385149E-002  0.61679452575407911     
  0.11772683981351263       0.61316609765127483     
  0.17833181871146453       0.60604978897951889     
  0.23788955816846086       0.59557739456996317     
  0.29608122850890495       0.58191670340444057     
  0.35260773096277426       0.56526502453869298     
  0.40719192994113035       0.54584198978356069     
  0.45958013524684194       0.52388205305711555     
  0.50954284453210208       0.49962709285260154     
  0.55687479261806705       0.47331948085964914     
  0.60139438405710088       0.44519591439033807     
  0.64294260726985231       0.41548223212751434     
  0.68138154235830795       0.38438935088455634     
  0.71659258068672749       0.35211038328419569     
  0.74847447351222385       0.31881892825496333     
  0.77694132065889621       0.28466847146672364     
  0.80192059991865805       0.24979279259761866     
  0.82335132493795948       0.21430725019301453     
  0.84118240505061159       0.17831080112652078     
  0.85537126583435563       0.14188860783744017     
  0.86588277481795051       0.10511508983594822     
  0.87268850319124336        6.8057283732928936E-002
  0.87576634177766188        3.0778385864184944E-002
  0.87510047792623280       -6.6586385142909793E-003
  0.87068172923460319       -4.4187486916295766E-002
  0.86250821990205351       -8.1735093325496416E-002
  0.85058637577203600      -0.11921844130017459     
  0.83493220451154759      -0.15654171260488373     
  0.81557281770649126      -0.19359386805056342     
  0.79254814185282074      -0.23024675853670479     
  0.76591275536618719      -0.26635386486633583     
  0.73573777907403615      -0.30174976292151001     
  0.70211273865439983      -0.33625040419636321     
  0.66514730981487014      -0.36965428839529668     
  0.62497285152183357      -0.40174458293036502     
  0.58174363028819620      -0.43229221233637349     
  0.53563764044800999      -0.46105989840186201     
  0.48685693244891226      -0.48780707999097711     
  0.43562737420205050      -0.51229558246861751     
  0.38219778976219698      -0.53429584439853539     
  0.32683844482248137      -0.55359344939715638     
  0.26983887877575335      -0.56999566046728001     
  0.21150511678156630      -0.58333761994187061     
  0.15215633010169982      -0.59348786679866483     
   9.2121046182756683E-002 -0.60035283918943139     
   3.1733038651634467E-002 -0.60388007531122212     
  -2.8672951188713797E-002 -0.60405989840348262     
  -8.8765497803533489E-002 -0.60092546614819697     
 -0.14822061504003886      -0.59455117236505362     
 -0.20672556492827804      -0.58504949888239188     
 -0.26398221658938703      -0.57256651661108959     
 -0.31970984830327337      -0.55727631713886350     
 -0.37364731952577901      -0.53937471222505629     
 -0.42555457598665858      -0.51907256460879558     
 -0.47521348694452398      -0.49658910957865393     
 -0.52242804657114561      -0.47214559626621588     
 -0.56702399923561098      -0.44595952664465366     
 -0.60884796985005196      -0.41823970614441014     
 -0.64776619487477094      -0.38918225024719022     
 -0.68366295719436287      -0.35896762319591957     
 -0.71643882953415106      -0.32775872339788137     
 -0.74600882740831009      -0.29569997874159043     
 -0.77230056497209210      -0.26291737563782053     
 -0.79525249680297116      -0.22951931830879041     
 -0.81481231666964593      -0.19559819866674719     
 -0.83093557169352938      -0.16123255023883429     
 -0.84358453767407560      -0.12648965980546159     
 -0.85272738921820468       -9.1428515441290631E-002
 -0.85833768695357360       -5.6102977353689423E-002
 -0.86039419360191527       -2.0565066483416855E-002
 -0.85888102098584174        1.5131726160735728E-002
 -0.85378810098415381        5.0929200016879429E-002
 -0.84511196482393380        8.6761361602200132E-002
 -0.83285680667518347       0.12255158148750386     
 -0.81703579909434643       0.15821007580837074     
 -0.79767261931055511       0.19363179783791282     
 -0.77480313662824518       0.22869482682309950     
 -0.74847720243177707       0.26325934196468087     
 -0.71876047568308721       0.29716726748689914     
 -0.68573620884120368       0.33024266841883543     
 -0.64950691242054104       0.36229296420662610     
 -0.61019581171894177       0.39311100701599300     
 -0.56794800747162144       0.42247804247320286     
 -0.52293125423836273       0.45016753233258683     
 -0.47533627704250903       0.47594977195853733     
 -0.42537655876992986       0.49959718272579157     
 -0.37328754836197542       0.52089010407954406     
 -0.31932526266224498       0.53962285699730428     
 -0.26376428207719949       0.55560980585045461     
 -0.20689517054116374       0.56869111536035755     
 -0.14902138163336878       0.57873788907794965     
  -9.0455742671502373E-002  0.58565638961866406     
  -3.1516634637989607E-002  0.58939108033512766     
   2.7475994535804481E-002  0.58992629173794087     
   8.6204634448548922E-002  0.58728639912744429     
  0.14435808376475259       0.58153449316203665     
  0.20163504608724359       0.57276962322490987     
  0.25774732455791644       0.56112278470672861     
  0.31242251424207873       0.54675189684162284     
  0.36540612132321754       0.52983607081138784     
  0.41646307079850403       0.51056949475286484     
  0.46537859706249246       0.48915526263988413     
  0.51195854209937108       0.46579945036878589     
  0.55602911206808403       0.44070569968712925     
  0.59743616358440310       0.41407051516319027     
  0.63604410536859612       0.38607941784193017     
  0.67173450913649890       0.35690403767902829     
  0.70440452615930604       0.32670017022807185     
  0.73396520364050855       0.29560677481202474     
  0.76033978898144849       0.26374585340939988     
  0.78346210120051263       0.23122312219064142     
  0.80327503824008895       0.19812937039576345     
  0.81972927750240077       0.16454239262311854     
  0.83278221537650976       0.13052937874109036     
  0.84239718023020027        9.6149648536904969E-002
  0.84854294262596719        6.1457623957669710E-002
  0.85119353649497576        2.6505938690085898E-002
  0.85032839564552043       -8.6514084945530229E-003
  0.84593280117324254       -4.3955944722778931E-002
  0.83799862689938509       -7.9341742738574750E-002
  0.82652536169008872      -0.11473265209296327     
  0.81152137922105561      -0.15003982469033134     
  0.79300541731940699      -0.18515961901648564     
  0.77100822040006556      -0.21997196919341444     
  0.74557428980222384      -0.25433930597841736     
  0.71676367825741694      -0.28810611544806880     
  0.68465375668791650      -0.32109921569500466     
  0.64934087461879841      -0.35312882069118101     
  0.61094183042201344      -0.38399044196784993     
  0.56959506524398762      -0.41346765178025768     
  0.52546149569101031      -0.44133569552977336     
  0.47872490599186246      -0.46736589699147846     
  0.42959183107255938      -0.49133074919303088     
  0.37829087808669642      -0.51300952985862935     
  0.32507145531207815      -0.53219422774618286     
  0.27020190325697713      -0.54869552055101023     
  0.21396705202396760      -0.56234851233009520     
  0.15666525960150429      -0.57301792422463305     
   9.8605015511519067E-002 -0.58060244089985213     
   4.0101220648205982E-002 -0.58503794863313086     
  -1.8528725206866985E-002 -0.58629945855072962     
  -7.6968883830116727E-002 -0.58440158623249738     
 -0.13490863883683155      -0.57939755006714810     
 -0.19204631350260629      -0.57137674665774740     
 -0.24809241878016633      -0.56046105277560043     
 -0.30277242687550648      -0.54680008095340149     
 -0.35582899415096259      -0.53056567275456112     
 -0.40702358872836880      -0.51194594577406205     
 -0.45613751036864336      -0.49113921640274538     
 -0.50297232059247221      -0.46834810223828860     
 -0.54734972760274681      -0.44377407010274611     
 -0.58911099198485450      -0.41761264382107754     
 -0.62811593465259397      -0.39004942667739489     
 -0.66424163794339475      -0.36125703290800770     
 -0.69738093452471961      -0.33139296581324890     
 -0.72744077760160553      -0.30059843076885939     
 -0.75434058077812549      -0.26899803176519987     
 -0.77801060786372622      -0.23670027085600776     
 -0.79839048292927506      -0.20379875065548869     
 -0.81542787988413135      -0.17037396954856254     
 -0.82907743946820656      -0.13649559584075238     
 -0.83929995034169935      -0.10222510873492768     
 -0.84606182022925414       -6.7618698875547750E-002
 -0.84933485298295341       -3.2730327536993134E-002
 -0.84909633797711837        2.3851500583501328E-003
 -0.84532944933952481        3.7668886375935975E-002
 -0.83802394399354463        7.3055053459801497E-002
 -0.82717713914089119       0.10846804852653422     
 -0.81279514147219500       0.14381997668696211     
 -0.79489429191730254       0.17900849554892470     
 -0.77350278108739801       0.21391510829904506     
 -0.74866238178244238       0.24840399304955652     
 -0.72043023625156410       0.28232145530878305     
 -0.68888062767869829       0.31549608572865795     
 -0.65410665817192115       0.34773969506777175     
 -0.61622175007451474       0.37884908097406422     
 -0.57536088452447964       0.40860865550035097     
 -0.53168149175956714       0.43679392764912534     
 -0.48536391254904854       0.46317579210518600     
 -0.43661136001918915       0.48752552529859366     
 -0.38564932641114880       0.50962033608040380     
 -0.33272439991286729       0.52924926498281533     
 -0.27810248203807486       0.54621917874792414     
 -0.22206642488297854       0.56036057155096319     
 -0.16491313819667830       0.57153286686300231     
 -0.10695024632119696       0.57962891875481348     
  -4.8492402211356006E-002  0.58457844109840951     
   1.0142612512376199E-002  0.58635014723732204     
   6.8637858295451756E-002  0.58495245783075556     
  0.12668113073548590       0.58043272440034133     
  0.18396863194970164       0.57287501214215752     
  0.24020828978389641       0.56239657834194767     
  0.29512261609918944       0.54914326315293038     
  0.34845102311341192       0.53328407014222490     
  0.39995154812547484       0.51500525012062937     
  0.44940196929835091       0.49450421172876080     
  0.49660032605271914       0.47198356754368220     
  0.54136488496629598       0.44764558913576780     
  0.58353361439464235       0.42168729428346319     
  0.62296324748367415       0.39429633089031807     
  0.65952802361142726       0.36564776127753074     
  0.69311820288643444       0.33590179275007170     
  0.72363844784548825       0.30520244959053833     
  0.75100616187863256       0.27367714033144264     
  0.77514986620408710       0.24143704325454537     
  0.79600768743579275       0.20857821231705614     
  0.81352601683322878       0.17518329397436022     
  0.82765839093057736       0.14132374097348602     
  0.83836463195077882       0.10706241020201444     
  0.84561027556722013        7.2456436164413149E-002
  0.84936630335411833        3.7560277868981806E-002
  0.84960918769219163        2.4288433807328411E-003
  0.84632124788409091       -3.2879398081007205E-002
  0.83949130762663660       -6.8299402574543283E-002
  0.82911563559266876      -0.10375672033967860     
  0.81519914250754377      -0.13916493085124992     
  0.79775679961988399      -0.17442342887659748     
  0.77681523479813064      -0.20941564821753328     
  0.75241445368206783      -0.24400781116062864     
  0.72460962457304412      -0.27804829109023715     
  0.69347285741413878      -0.31136767158905360     
  0.65909489982190128      -0.34377957592237501     
  0.62158666737897461      -0.37508232442926670     
  0.58108052210705774      -0.40506145271916832     
  0.53773121310519423      -0.43349309001863551     
  0.49171639762608171      -0.46014815479112503     
  0.44323667009232443      -0.48479727533757283     
  0.39251504115858243      -0.50721628933741991     
  0.33979582891348725      -0.52719212245095171     
  0.28534294915814373      -0.54452879755343542     
  0.22943762026725753      -0.55905328890886208     
  0.17237552872026765      -0.57062091546989879     
  0.11446353179076330      -0.57911996929504350     
   5.6016001631805375E-002 -0.58447530158957917     
  -2.6490623832333554E-003 -0.58665064015038726     
  -6.1214010880218737E-002 -0.58564948496985381     
 -0.11936546262179544      -0.58151451741576698     
 -0.17679801806758849      -0.57432555445793065     
 -0.23321763540817450      -0.56419617340586004     
 -0.28834455693849292      -0.55126921530318451     
 -0.34191570081550959      -0.53571143877016647     
 -0.39368646436970955      -0.51770763554199939     
 -0.44343191758917877      -0.49745453219469243     
 -0.49094739665956988      -0.47515479070391115     
 -0.53604853539200004      -0.45101138732430118     
 -0.57857079543284295      -0.42522260040842941     
 -0.61836857339693596      -0.39797777964093062     
 -0.65531397420410020      -0.36945400807164230     
 -0.68929534518005664      -0.33981370975956476     
 -0.72021566557205596      -0.30920320391999362     
 -0.74799088195265517      -0.27775216380599177     
 -0.77254827258109138      -0.24557390628436176     
 -0.79382491418791867      -0.21276641606827273     
 -0.81176631376741859      -0.17941399579499923     
 -0.82632525656218503      -0.14558942794766436     
 -0.83746091007161449      -0.11135653509429466     
 -0.84513821298254854       -7.6773029109340890E-002
 -0.84932756759900951       -4.1893546164610072E-002
 -0.85000484468110404       -6.7727708209449691E-003
 -0.84715170051717004        2.8531441639339836E-002
 -0.84075619739679153        6.3955031203785470E-002
 -0.83081371023534167        9.9424871614498922E-002
 -0.81732809373323678       0.13485616502104927     
 -0.80031307598314105       0.17015017750095754     
 -0.77979383578886796       0.20519240194273103     
 -0.75580871216299450       0.23985123625873511     
 -0.72841098569839402       0.27397726464600447     
 -0.69767066309700732       0.30740322601386671     
 -0.66367618859605115       0.33994474500956118     
 -0.62653600003345122       0.37140188562599974     
 -0.58637984365307361       0.40156156380377656     
 -0.54335976135610020       0.43020082296973355     
 -0.49765066783446349       0.45709093521636707     
 -0.44945044362101305       0.48200224213450454     
 -0.39897948403556122       0.50470959585451813     
 -0.34647966336425307       0.52499820671308173     
 -0.29221269792325910       0.54266965440993964     
 -0.23645791987146619       0.55754778051792897     
 -0.17950950410301469       0.56948415768451510     
 -0.12167322112444340       0.57836282978571296     
  -6.3262817050237757E-002  0.58410404074205646     
  -4.5961452410440071E-003  0.58666671809193749     
   5.4008809565354407E-002  0.58604954806398413     
  0.11223786617655165       0.58229056611197239     
  0.16978439443621446       0.57546528259662788     
  0.22635274024904956       0.56568345812835097     
  0.28166121301543168       0.55308472766382111     
  0.33544454689516162       0.53783333879729933     
  0.38745577812432147       0.52011231229159827     
  0.43746751305800502       0.50011734933683516     
  0.48527259316444338       0.47805080106438358     
  0.53068419166223990       0.45411598497796535     
  0.57353540022523131       0.42851208562991439     
  0.61367838217134929       0.40142981946117989     
  0.65098318043429415       0.37304798262944855     
  0.68533627458223167       0.34353094147937563     
  0.71663898181985797       0.31302707237626259     
  0.74480579319227980       0.28166811372421835     
  0.76976272913467425       0.24956935942394456     
  0.79144578911586339       0.21683059981189101     
  0.80979955934651215       0.18353770230648753     
  0.82477603114460152       0.14976471798089405     
  0.83633367116284762       0.11557640018246140     
  0.84443677367991243        8.1031025170647739E-002
  0.84905511475307904        4.6183410731666125E-002
  0.85016391828334403        1.1088035302649429E-002
  0.84774413489302602       -2.4197833903180234E-002
  0.84178302581691999       -5.9611090761060567E-002
  0.83227503557312321       -9.5079902437967823E-002
  0.81922292881666459      -0.13052106756458653     
  0.80263915832919075      -0.16583770487473812     
  0.78254742247286924      -0.20091735856321521     
  0.75898436165338268      -0.23563060819486562     
  0.73200133454888072      -0.26983027104501989     
  0.70166620638306432      -0.30335128165816438     
  0.66806507383859226      -0.33601132544472040     
  0.63130384497819125      -0.36761228860401013     
  0.59150958856348967      -0.39794256414701545     
  0.54883156632018815      -0.42678022243301533     
  0.50344186487700471      -0.45389701443183417     
  0.45553555207360097      -0.47906312803403750     
  0.40533029560667888      -0.50205256466922110     
  0.35306540068905712      -0.52264894917621729     
  0.29900024714501761      -0.54065153544039524     
  0.24341213417632013      -0.55588112968697467     
  0.18659357132911089      -0.56818562847209231     
  0.12884908488054947      -0.57744486448561405     
   7.0491637517576117E-002 -0.58357447362973347     
   1.1838783294025136E-002 -0.58652854223550976     
  -4.6791302849574924E-002 -0.58630086143600058     
 -0.10508377297876673      -0.58292470129191798     
 -0.16273088422191015      -0.57647111243143412     
 -0.21943547006411812      -0.56704585842207955     
 -0.27491398690423624      -0.55478516840118108     
 -0.32889904374783613      -0.53985056843599888     
 -0.38114135332833937      -0.52242309580503254     
 -0.43141107533577627      -0.50269722007436879     
 -0.47949855422257887      -0.48087478886802609     
 -0.52521448300240858      -0.45715928779829773     
 -0.56838954884043624      -0.43175065838027715     
 -0.60887363496373481      -0.40484086123298613     
 -0.64653466605429177      -0.37661031090556929     
 -0.68125719095419401      -0.34722524899902235     
 -0.71294079779147157      -0.31683606837277556     
 -0.74149845340304410      -0.28557655611572508     
 -0.76685485221307859      -0.25356398810034442     
 -0.78894485056177621      -0.22089998348697670     
 -0.80771205182673489      -0.18767201264958666     
 -0.82310759633938047      -0.15395544512645534     
 -0.83508919868739973      -0.11981602348019224     
 -0.84362046392935797       -8.5312652419582150E-002
 -0.84867050376435416       -5.0500398349962179E-002
 -0.85021386387375575       -1.5433601094015537E-002
 -0.84823076443500578        1.9830994387500203E-002
 -0.84270764706318479        5.5231173718209764E-002
 -0.83363801298007489        9.0696340831098510E-002
 -0.82102352884913954       0.12614484130935361     
 -0.80487536828314277       0.16148160565996797     
 -0.78521574843009678       0.19659619853046037     
 -0.76207961227506038       0.23136136155036405     
 -0.73551639849511896       0.26563213779941436     
 -0.70559183216585286       0.29924566329266050     
 -0.67238966180549498       0.33202170360357841     
 -0.63601326179425843       0.36376400011236526     
 -0.59658701490405908       0.39426246890199362     
 -0.55425738839588468       0.42329626508174367     
 -0.50919361977833222       0.45063768617552441     
 -0.46158793566134537       0.47605684116986846     
 -0.41165523973998214       0.49932695921363229     
 -0.35963222398523842       0.52023015754743707     
 -0.30577588028278252       0.53856343702455900     
 -0.25036141714092702       0.55414463141855475     
 -0.19367961617984411       0.56681800961082907     
 -0.13603369387895231       0.57645922300891794     
  -7.7735763099908803E-002  0.58297930779043505     
  -1.9103013707616565E-002  0.58632749392292238     
   3.9546250139941327E-002  0.58649263847557886     
   9.7896568593539082E-002  0.58350318453597749     
  0.15563913274384422       0.57742564150305120     
  0.21247530059016223       0.56836167846318020     
  0.26811970161748255       0.55644401027320312     
  0.32230283436123774       0.54183132743755202     
  0.37477309132892761       0.52470256967689843     
  0.42529817793221664       0.50525086603289016     
  0.47366592407556357       0.48367746143346946     
  0.51968451644969360       0.46018592374130002     
  0.56318220459662938       0.43497688146935781     
  0.60400655327881514       0.40824348682185735     
  0.64202332707655951       0.38016773797744402     
  0.67711510052004220       0.35091773443482688     
  0.70917968896539552       0.32064588445353365     
  0.73812849269738334       0.28948803731987782     
  0.76388484039810822       0.25756347700724869     
  0.78638240920704150       0.22497568808933274     
  0.80556378808289664       0.19181378875855115     
  0.82137923988664863       0.15815451803752006     
  0.83378570617636727       0.12406466289718664     
  0.84274608758116532        8.9603814047980790E-002
  0.84822882205968897        5.4827344785236071E-002
  0.85020777344221743        1.9789513825284464E-002
  0.84866243336932146       -1.5453400728959531E-002
  0.84357843094684393       -5.0840024224775002E-002
  0.83494833595623785       -8.6300949906060256E-002
  0.82277273309633558      -0.12175602859902251     
  0.80706153631687250      -0.15711196779463038     
  0.78783550372643985      -0.19226032590432657     
  0.76512790480586146      -0.22707598920578331     
  0.73898628284939238      -0.26141621956469024     
  0.70947424696317407      -0.29512035886218280     
  0.67667322001713137      -0.32801026946042722     
  0.64068406228905983      -0.35989157728071591     
  0.60162848592513374      -0.39055576363926076     
  0.55965017363937508      -0.41978312285758679     
  0.51491551717971940      -0.44734656459655653     
  0.46761389780950402      -0.47301619370215348     
  0.41795744298318865      -0.49656454826315344     
  0.36618021076885499      -0.51777232214333646     
  0.31253677613550201      -0.53643434633352993     
  0.25730022015040510      -0.55236555985096880     
  0.20075955298698422      -0.56540667163420866     
  0.14321663244927643      -0.57542920537707787     
   8.4982669109469888E-002 -0.58233963339806549     
   2.6374434617156294E-002 -0.58608234492313593     
  -3.2289691088647716E-002 -0.58664125705804004     
  -9.0693686951440922E-002 -0.58403995862793212     
 -0.14852772401886127      -0.57834037067420341     
 -0.20549172438598168      -0.56964000367120404     
 -0.26129852247860780      -0.55806798092626120     
 -0.31567652963046489      -0.54378007151857111     
 -0.36837183242932336      -0.52695302798858490     
 -0.41914968744992531      -0.50777855020601925     
 -0.46779540715263956      -0.48645719702714268     
 -0.51411466155868701      -0.46319254406047494     
 -0.55793324595081517      -0.43818584392128163     
 -0.59909638504317231      -0.41163139092357093     
 -0.63746765821592599      -0.38371273172753706     
 -0.67292763851627957      -0.35459980300353539     
 -0.70537234066880983      -0.32444702152530208     
 -0.73471157113199881      -0.29339230463188959     
 -0.76086726728586718      -0.26155696153868357     
 -0.78377190418533249      -0.22904636899465350     
 -0.80336703694953904      -0.19595132764206574     
 -0.81960203562396816      -0.16234998674429080     
 -0.83243305791272104      -0.12831022288752919     
 -0.84182229399980624       -9.3892360870852010E-002
 -0.84773750703880346       -5.9152130389971774E-002
 -0.85015188290239074       -2.4143758635872970E-002
 -0.84904419342569193        1.1076894766987859E-002
 -0.84439926853223735        4.6449248934546050E-002
 -0.83620876412252898        8.1905044097084018E-002
 -0.82447220423773948       0.11736559884789546     
 -0.80919826760936031       0.15273936628379192     
 -0.79040628015095316       0.18791987458407197     
 -0.76812786621456675       0.22278413936386396     
 -0.74240870262137804       0.25719163593188732     
 -0.71331031083586960       0.29098391785508387     
 -0.68091181460779027       0.32398496228079354     
 -0.64531158355168905       0.35600231056101195     
 -0.60662867822038313       0.38682905331305856     
 -0.56500401011711654       0.41624668103266560     
 -0.52060113167770394       0.44402878439412596     
 -0.47360657736521178       0.46994554312492165     
 -0.42422968828290364       0.49376889082308117     
 -0.37270186941304212       0.51527818869861508     
 -0.31927525054400219       0.53426618869039944     
 -0.26422074840064153       0.55054502143360662     
 -0.20782555708259381       0.56395191318047722     
 -0.15039012472550706       0.57435432357086758     
  -9.2224704002054875E-002  0.58165420723452177     
  -3.3645590162753120E-002  0.58579113839301755     
   2.5028819616255721E-002  0.58674409779008840     
   8.3481999733679424E-002  0.58453180117423709     
  0.14140315385219476       0.57921154118515328     
  0.19849081494812593       0.57087661095931175     
  0.25445606180033514       0.55965246852209216     
  0.30902524952578914       0.54569187725453960     
  0.36194218078273865       0.52916931256949484     
  0.41296967622390984       0.51027495441171167     
  0.46189053507601657       0.48920858852106730     
  0.50850790695511572       0.46617371879099118     
  0.55264512226606510       0.44137215310949385     
  0.59414504944926472       0.41499927183199603     
  0.63286906224986350       0.38724012800598812     
  0.66869570902227060       0.35826646772407067     
  0.70151917927463003       0.32823470252359399     
  0.73124766098810334       0.29728481713473298     
  0.75780167670091358       0.26554015712810219     
  0.78111247797560812       0.23310801274694573     
  0.80112056766679118       0.20008089691183020     
  0.81777440824089853       0.16653840574107376     
  0.83102936295636443       0.13254954715465883     
  0.84084690548287278        9.8175425265083299E-002
  0.84719412282292561        6.3472173400527979E-002
  0.85004352632909885        2.8494035061732585E-002
  0.84937317617950936       -6.7035014958951381E-003
  0.84516711577409487       -4.2060604054145100E-002
  0.83741610397437782       -7.7510117997170169E-002
  0.82611862473467279      -0.11297479239705074     
  0.81128214528315357      -0.14836479451519280     
  0.79292458547908673      -0.18357559804066828     
  0.77107595225853098      -0.21848633220555705     
  0.74578008426724818      -0.25295867991282805     
  0.71709644309853571      -0.28683641168712498     
  0.68510187940598899      -0.31994563692546674     
  0.64989229512133551      -0.35209584284653456     
  0.61158411780848831      -0.38308177312847236     
  0.57031550067741354      -0.41268617131074814     
  0.52624716286232021      -0.44068337815093350     
  0.47956279007992297      -0.46684372782397210     
  0.43046892638459017      -0.49093863695332807     
  0.37919430376459773      -0.51274622619992460     
  0.32598857765655875      -0.53205726108038942     
  0.27112046241201521      -0.54868115244543536     
  0.21487529004494885      -0.56245172367066354     
  0.15755204636805331      -0.57323243676895519     
   9.9459968599973803E-002 -0.58092077768079509     
   4.0914815192695297E-002 -0.58545153407278505     
  -1.7765060440610117E-002 -0.58679875633305412     
  -7.6262687463896639E-002 -0.58497627023286514     
 -0.13426635758680064      -0.58003670122903994     
 -0.19147326427566436      -0.57206906688863701     
 -0.24759277286401743      -0.56119508588353073     
 -0.30234921590857500      -0.54756443044557557     
 -0.35548413660338918      -0.53134920694814158     
 -0.40675793480446393      -0.51273798201074750     
 -0.45595090260690879      -0.49192967802444881     
 -0.50286366702134810      -0.46912764414439340     
 -0.54731708411523328      -0.44453417093885150     
 -0.58915165060922847      -0.41834566493995229     
 -0.62822651458999523      -0.39074863980766805     
 -0.66441817657655544      -0.36191661986560159     
 -0.69761897603190959      -0.33200799455354185     
 -0.72773545729323119      -0.30116481261321593     
 -0.75468670377229152      -0.26951246479060337     
 -0.77840272120040011      -0.23716017428108532     
 -0.79882294066739545      -0.20420219466995351     
 -0.81589490111683982      -0.17071960449444368     
 -0.82957315952005006      -0.13678258403210203     
 -0.83981846567543150      -0.10245306155381487     
 -0.84659722779009716       -6.7787621146656277E-002
 -0.84988128484878100       -3.2840570586838570E-002
 -0.84964799226919863        2.3329257958240243E-003
 -0.84588061838566964        3.7673738835290148E-002
 -0.83856904072873673        7.3115776569328939E-002
 -0.82771072268376267       0.10858318044974108     
 -0.81331194273212326       0.14398779951639412     
 -0.79538923996842692       0.17922702763696355     
 -0.77397103089401265       0.21418209074414254     
 -0.74909934367643249       0.24871687217580146     
 -0.72083160734895724       0.28267736327475301     
 -0.68924242518266698       0.31589182166290214     
 -0.65442525424973352       0.34817170932933500     
 -0.61649390772511548       0.37931346524618093     
 -0.57558379358430578       0.40910114140809634     
 -0.53185280394317236       0.43730989641133400     
 -0.48548177420748911       0.46371029735683233     
 -0.43667444114406589       0.48807333063423231     
 -0.38565684433663022       0.51017596807435683     
 -0.33267613619005931       0.52980708146570932     
 -0.27799879108811376       0.54677345101945540     
 -0.22190823328101353       0.56090557807100239     
 -0.16470193379155962       0.57206299489453905     
 -0.10668805683660823       0.58013876954951393     
  -4.8181763473720912E-002  0.58506293362887318     
   1.0498698053823641E-002  0.58680461527544547     
   6.9035971593320838E-002  0.58537273539497203     
  0.12711749311750223       0.58081521524181390     
  0.18443916711298125       0.57321673995479028     
  0.24070868867911993       0.56269521566138669     
  0.29564840251140390       0.54939713832283965     
  0.34899761782423711       0.53349215312833220     
  0.40051432974527251       0.51516711921035419     
  0.44997633016128891       0.49462000416016416     
  0.49718172194074667       0.47205391779457745     
  0.54194887783554258       0.44767155894795946     
  0.58411590768696697       0.42167029851424420     
  0.62353971398908881       0.39423806302121867     
  0.66009472618274612       0.36555012193657366     
  0.69367140858215537       0.33576682399409230     
  0.72417463628430756       0.30503227702152147     
  0.75152202872910634       0.27347392444798763     
  0.77564232281053758       0.24120294081431196     
  0.79647385760452116       0.20831534793983594     
  0.81396323178094587       0.17489374176424710     
  0.82806418333949161       0.14100951558545713     
  0.83873672999111359       0.10672546651622017     
  0.84594659764584357        7.2098676547300011E-002
  0.84966495423357624        3.7183565877326831E-002
  0.84986845650210285        2.0350226852658901E-003
  0.84653960841932607       -3.3288480827767426E-002
  0.83966742119534021       -6.8721872239858622E-002
  0.82924835654240114      -0.10419064652939083     
  0.81528752641949798      -0.13960830122903178     
  0.79780011401913165      -0.17487412400366337     
  0.77681297208253453      -0.20987141936597106     
  0.75236634582525830      -0.24446626257276211     
  0.72451565901058068      -0.27850686814677583     
  0.69333329338143834      -0.31182365629142339     
  0.65891028428457576      -0.34423009096862567     
  0.62135784958979645      -0.37552434694779363     
  0.58080866574946866      -0.40549183840327829     
  0.53741780495261948      -0.43390860796849212     
  0.49136325167058192      -0.46054553282037525     
  0.44284592618478835      -0.48517325485793550     
  0.39208915736163646      -0.50756768823151899     
  0.33933756699812184      -0.52751590363514633     
  0.28485535296948405      -0.54482214028637765     
  0.22892398703010153      -0.55931365939382527     
  0.17183937372976416      -0.57084613300337372     
  0.11390854731068317      -0.57930826419080983     
   5.5446011171567777E-002 -0.58462536139115395     
  -3.2301529520252711E-003 -0.58676164123593044     
  -6.1802263703458558E-002 -0.58572110751433282     
 -0.11995695797660480      -0.58154694273146235     
 -0.17738890246510250      -0.57431944488497688     
 -0.23380416607060728      -0.56415263605504773     
 -0.28892314126587010      -0.55118975195262809     
 -0.34248292976524902      -0.53559788499378924     
 -0.39423913902928220      -0.51756209264033171     
 -0.44396706859766166      -0.49727929568379442     
 -0.49146229649862866      -0.47495227900966980     
 -0.53654070389573238      -0.45078407397103692     
 -0.57903799914047693      -0.42497295244744515     
 -0.61880881958151102      -0.39770820441034105     
 -0.65572550055010637      -0.36916680968595295     
 -0.68967660615595205      -0.33951105605845666     
 -0.72056531655673672      -0.30888710400784641     
 -0.74830776213842209      -0.27742445581685321     
 -0.77283138760090730      -0.24523625462485243     
 -0.79407341931319475      -0.21242031712287474     
 -0.81197949840454620      -0.17906079091351468     
 -0.82650253065014001      -0.14523032245593806     
 -0.83760179285574010      -0.11099262205600094     
 -0.84524232451552039       -7.6405316597802683E-002
 -0.84939462320151871       -4.1522986859983006E-002
 -0.85003465248286381       -6.4002928134505865E-003
 -0.84714416209311183        2.8904903897519894E-002
 -0.84071131141260724        6.4328506805046065E-002
 -0.83073157891929683        9.9797324933104004E-002
 -0.81720893189590293       0.13522647023393916     
 -0.80015722221230612       0.17051709683596794     
 -0.77960176535314230       0.20555456859163862     
 -0.75558105106548146       0.24020714287660877     
 -0.72814852523365137       0.27432525831830074     
 -0.69737437418443526       0.30774151049216070     
 -0.66334723509652582       0.34027139087909403     
 -0.62617575021066352       0.37171484885862310     
 -0.58598987892484267       0.40185871285820818     
 -0.54294188150237888       0.43047997422463780     
 -0.49720689189552864       0.45734989606850257     
 -0.44898300583706774       0.48223886058460863     
 -0.39849082434985850       0.50492181487209242     
 -0.34597241223337966       0.52518412116478852     
 -0.29168965544228603       0.54282756791093623     
 -0.23592202951428878       0.55767625927997244     
 -0.17896382168006672       0.56958207834222052     
 -0.12112087984794170       0.57842941832125006     
  -6.2706989846572206E-002  0.58413890001369495     
  -4.0400056376791588E-003  0.58666984208893047     
   5.4562126543777047E-002  0.58602132181456201     
  0.11278530165291711       0.58223175109140057     
  0.17032300049586102       0.57537698842943918     
  0.22687971072176152       0.56556710225900508     
  0.28217390926152353       0.55294198539762029     
  0.33594051792387758       0.53766608662354065     
  0.38793277468963527       0.51992256765757716     
  0.43792349569365308       0.49990721004017796     
  0.48570573441339548       0.47782238719742409     
  0.53109287300732688       0.45387138593931431     
  0.57391820442494257       0.42825331417615703     
  0.61403408184198593       0.40115877417043411     
  0.65131072379677235       0.37276641954786432     
  0.68563476931374912       0.34324045516976787     
  0.71690767792560028       0.31272908611851213     
  0.74504406575041549       0.28136387824815234     
  0.76997006167958160       0.24925995929166098     
  0.79162175831973458       0.21651696640152945     
  0.80994382154666766       0.18322063226933072     
  0.82488831114969141       0.14944489603023714     
  0.83641375366032744       0.11525442510636047     
  0.84448449746259879        8.0707438022713046E-002
  0.84907036988540474        4.5858724228059720E-002
  0.85014664623801928        1.0762763526145830E-002
  0.84769433160507834       -2.4523146329409162E-002
  0.84170074752285740       -5.9935840822209784E-002
  0.83216040722636297       -9.5403402964944151E-002
  0.81907615479465790      -0.13084252431705135     
  0.80246053507161952      -0.16615619723038372     
  0.78233735261348558      -0.20123182458133887     
  0.75874336913121043      -0.23593983482275147     
  0.73173008010967167      -0.27013289021538811     
  0.70136550281268839      -0.30364577296983220     
  0.66773590021157014      -0.33629602601118236     
  0.63094735916336819      -0.36788541048201923     
  0.59112713721242482      -0.39820221950943380     
  0.54842469158004736      -0.42702445632377461     
  0.50301230712588485      -0.45412384454162480     
  0.45508524807782635      -0.47927059048058512     
  0.40486137164927877      -0.50223876428547587     
  0.35258016041477314      -0.52281211234505642     
  0.29850115410318728      -0.54079006311585853     
  0.24290178930684567      -0.55599364796341610     
  0.18607468591148066      -0.56827103395365008     
  0.12832444973084509      -0.57750236180635561     
   6.9964089451189121E-002 -0.58360360279655965     
   1.1311170050972555E-002 -0.58652919400216563     
  -4.7316157912049517E-002 -0.58627327963022069     
 -0.10560310509672217      -0.58286947184672655     
 -0.16324201907037256      -0.57638913973650396     
 -0.21993585211298214      -0.56693833042609576     
 -0.27540120337115764      -0.55465351258175488     
 -0.32937084349592899      -0.53969640124771323     
 -0.38159566034413367      -0.52224816848204680     
 -0.43184599671352741      -0.50250336369393711     
 -0.47991238285301840      -0.48066386139491019     
 -0.52560569539987623      -0.45693312546857784     
 -0.56875679872998519      -0.43151103330108942     
 -0.60921574338309925      -0.40458944653114098     
 -0.64685060880390333      -0.37634865420804070     
 -0.68154608425564656      -0.34695475451743268     
 -0.71320188299811094      -0.31655798742464381     
 -0.74173108155469714      -0.28529198556586144     
 -0.76705846914989850      -0.25327387595201334     
 -0.78911898321885998      -0.22060514068961490     
 -0.80785629622945387      -0.18737313010593840     
 -0.82322160771552466      -0.15365311486070818     
 -0.83517268401074485      -0.11951076295220182     
 -0.84367317711286460       -8.5004931021197924E-002
 -0.84869224363110274       -5.0190665182381529E-002
 -0.85020447494984319       -1.5122313187404077E-002
 -0.84819014052999731        2.0143344198459319E-002
 -0.84263573752875098        5.5544030012463684E-002
 -0.83353483146434904        9.1009060644019493E-002
 -0.82088916429140846       0.12645667172940522     
 -0.80470999781948094       0.16179166471927534     
 -0.78501965180497579       0.19690346014505147     
 -0.76185318727737861       0.23166464527597203     
 -0.73526017686136236       0.26593010416016249     
 -0.70530649532157463       0.29953681539787674     
 -0.67207605575387586       0.33230439567698794     
 -0.63567241041350508       0.36403645340370794     
 -0.59622013089122705       0.39452279522278066     
 -0.55386588110128188       0.42354249789945164     
 -0.50877909921950615       0.45086781881775695     
 -0.46115221209483714       0.47626887124669026     
 -0.41120031830588577       0.49951893788951385     
 -0.35916029412355738       0.52040024182328393     
 -0.30528929984616937       0.53870994277387985     
 -0.24986269138483425       0.55426608461335136     
 -0.19317137208251134       0.56691319302322907     
 -0.13551865051009923       0.57652721572412113     
  -7.7216698996439515E-002  0.58301951513659722     
  -1.8582732405393085E-002  0.58633966591046427     
   4.0064955145685185E-002  0.58647687551078265     
   9.8410948143149019E-002  0.58345992997463836     
  0.15614651428949686       0.57735566146347828     
  0.21297311730345558       0.56826603013958732     
  0.26860551737343080       0.55632400069975207     
  0.32277436389188763       0.54168846518456792     
  0.37522821511914256       0.52453851227254911     
  0.42573495171739811       0.50506736598255542     
  0.47408258307433448       0.48347631356936344     
  0.52007947470567761       0.45996891631343095     
  0.56355404999940362       0.43474575293725981     
  0.60435403897763285       0.40799988978229235     
  0.64234536008981535       0.37991321112182486     
  0.67741072838164551       0.35065368291830151     
  0.70944808524264336       0.32037356860997890     
  0.73836894217207605       0.28920856929432676     
  0.76409672463282530       0.25727782460749266     
  0.78656519313071516       0.22468468497889821     
  0.80571700813206382       0.19151815001348654     
  0.82150249413748611       0.15785486005422264     
  0.83387864680254375       0.12376152665057617     
  0.84280841587669442        8.9297690741506591E-002
  0.84826028617578997        5.4518702990956007E-002
  0.85020816890285578        1.9478827270658538E-002
  0.84863160635079549       -1.5765625520602879E-002
  0.84351628423106817       -5.1153221197273099E-002
  0.83485483739350874       -8.6614468375594417E-002
  0.82264792633967121      -0.12206911053837485     
  0.80690555351520066      -0.15742372824470546     
  0.78764857978737723      -0.19256973727823429     
  0.76491039276101380      -0.22738187026363460     
  0.73873866977770208      -0.26171722983311718     
  0.70919716985402570      -0.29541499923676423     
  0.67636748088940535      -0.32829688964620407     
  0.64035064183129253      -0.36016839058112832     
  0.60126855489274400      -0.39082086938548521     
  0.55926510124551043      -0.42003453647233580     
  0.51450687575438969      -0.44758225491120690     
  0.46718346308371672      -0.47323412670672960     
  0.41750718948464999      -0.49676273599066745     
  0.36571230199354049      -0.51794887491109509     
  0.31205354938032015      -0.53658752613220362     
  0.25680416614622181      -0.55249383234098304     
  0.20025329074316692      -0.56550875403054890     
  0.14270287999111453      -0.57550410752052394     
   8.4464211036318959E-002 -0.58238668954795569     
   2.5854087609888006E-002 -0.58610123426430949     
  -3.2809113546631415E-002 -0.58663201156519418     
  -9.1209409318677992E-002 -0.58400295772046573     
 -0.14903704161363721      -0.57827632294959219     
 -0.20599203329771207      -0.56954991684074852     
 -0.26178734547883642      -0.55795312181124368     
 -0.31615153733171675      -0.54364191852880350     
 -0.36883085921705783      -0.52679321885341046     
 -0.41959074200129987      -0.50759882784242050     
 -0.46821667763341041      -0.48625935632110540     
 -0.51451451583742791      -0.46297838204017500     
 -0.55831022737384173      -0.43795711536413795     
 -0.59944920446595618      -0.41138977092114409     
 -0.63779518308485139      -0.38345978618895205     
 -0.67322887984065960      -0.35433696755808242     
 -0.70564643872312693      -0.32417558882467290     
 -0.73495778069063256      -0.29311341967505583     
 -0.76108494312638575      -0.26127162435753182     
 -0.78396048751087477      -0.22875544384488997     
 -0.80352604328408550      -0.19565555773210760     
 -0.81973104463310242      -0.16205001349016962     
 -0.83253170550181566      -0.12800660868713246     
 -0.84189026694469615       -9.3585614428804559E-002
 -0.84777454031262134       -5.8842733679252072E-002
 -0.85015775977667274       -2.3832194640514431E-002
 -0.84901874834344448        1.1390114332282021E-002
 -0.84434239267402433        4.6763556694201722E-002
 -0.83612041351208588        8.2219791619384711E-002
 -0.82435241015945315       0.11768003352632747     
 -0.80904714903480990       0.15305261124643224     
 -0.79022405779490235       0.18823091239907525     
 -0.76791487776261613       0.22309180032286194     
 -0.74216541859346130       0.25749459169154848     
 -0.71303735047489525       0.29128068118566081     
 -0.68060996111552374       0.32427389359371533     
 -0.64498179794046873       0.35628163175055039     
 -0.60627211101671064       0.38709686923758041     
 -0.56462201014950297       0.41650100867207679     
 -0.52019525121421228       0.44426758935290644     
 -0.47317857294257770       0.47016678271634549     
 -0.42378151669320163       0.49397056249376059     
 -0.37223567848621764       0.51545838206983963     
 -0.31879336458112906       0.53442313905088545     
 -0.26372564836407925       0.55067716217049789     
 -0.20731985592061236       0.56405792443466873     
 -0.14987653848127344       0.57443317439338915     
  -9.1706019608246772E-002  0.58170518873026666     
  -3.3124631031229146E-002  0.58581388577017623     
   2.5549228955194014E-002  0.58673859986423160     
   8.3999068620614487E-002  0.58449839665420478     
  0.14191415881276620       0.57915090192151708     
  0.19899313013089034       0.57078971318124139     
  0.25494718551503515       0.55954055384144785     
  0.30950282609561292       0.54555640580577769     
  0.36240401719876791       0.52901191103155010     
  0.41341375337897895       0.51009736180211052     
  0.46231501363600180       0.48901260257022827     
  0.50891112817875117       0.46596114542749395     
  0.55302560429512782       0.44114476116376694     
  0.59450147975047929       0.41475875455351496     
  0.63320028699494757       0.38698807244468336     
  0.66900072024495894       0.35800433250011415     
  0.70179710064889333       0.32796380403934450     
  0.73149773303820009       0.29700632389306719     
  0.75802324219060302       0.26525509152402932     
  0.78130496814003048       0.23281725949427468     
  0.80128348985453790       0.19978521714507441     
  0.81790733543258853       0.16623845578050583     
  0.83113192552483595       0.13224590092247462     
  0.84091878546239296        9.7868599375570603E-002
  0.84723505086247430        6.3162654000813528E-002
  0.85005328141831105        2.8182305558366937E-002
  0.84935158815468703       -7.0169326362403903E-003
  0.84511407053453247       -4.2375176201545288E-002
  0.83733155126440084       -7.7825192701316395E-002
  0.82600258827255058      -0.11328962991850285     
  0.81113473494299748      -0.14867853329553113     
  0.79274601115518817      -0.18388723787809325     
  0.77086653896348711      -0.21879472191701094     
  0.74554028793702909      -0.25326251026458013     
  0.71682686650216343      -0.28713421434865688     
  0.68480328748907004      -0.32023579013093412     
  0.64956562905717097      -0.35237658431899077     
  0.61123050699499670      -0.38335122062174287     
  0.56993627191053520      -0.41294235084461484     
  0.52584384594482325      -0.44092425965711912     
  0.47913711919546564      -0.46706726749357602     
  0.43002283668513630      -0.49114282510329321     
  0.37872992278595929      -0.51292913899176973     
  0.32550821138848446      -0.53221711397474847     
  0.27062657609711027      -0.54881635291374165     
  0.21437048405070983      -0.56256092046400452     
  0.15703902774974743      -0.57331456300962391     
   9.8941519227313521E-002 -0.58097508522433905     
   4.0393757527891566E-002 -0.58547761699421952     
  -1.8285898672088650E-002 -0.58679656199980212     
  -7.6780508391193936E-002 -0.58494609719105273     
 -0.13477842678908661      -0.57997918397892667     
