  0.21914103236208948       -1.8589676379105143E-002
  0.21586579343569223       -3.2752389263972399E-002
  0.21160573102977406       -4.2600624059181726E-002
  0.20677595784971409       -4.8297731800599875E-002
  0.20177059072260226       -5.0053671271118344E-002
  0.19695854051073547       -4.8120502118667752E-002
  0.19267977637518957       -4.2787641355459101E-002
  0.18924208554647734       -3.4376908287122213E-002
  0.18691834597016563       -2.3237395763117150E-002
  0.18594432433101207       -9.7402163915354840E-003
  0.18651700635516474        5.7268202415267193E-003
  0.18879346031424490        2.2764539590801734E-002
  0.19289022863275829        4.0967683185133767E-002
  0.19888323666407379        5.9930080313155096E-002
  0.20680820217070878        7.9249655066349983E-002
  0.21666152383759690        9.8533216668881346E-002
  0.22840162220281054       0.11740098365213639     
  0.24195070161729498       0.13549079414484436     
  0.25719689716775279       0.15246195550457795     
  0.27399676589785410       0.16799868730101286     
  0.29217807721453298       0.18181311316678866     
  0.31154285324180814       0.19364776027275149     
  0.33187060635120630       0.20327753109398139     
  0.35292171848795439       0.21051112136748087     
  0.37444090558051613       0.21519187092561726     
  0.39616071059288027       0.21719805012364121     
  0.41780497089660790       0.21644260303727642     
  0.43909220971711715       0.21287238820509241     
  0.45973890740104828       0.20646697683931098     
  0.47946261594330147       0.19723708542253193     
  0.49798488922695100       0.18522273283649526     
  0.51503401125792914       0.17049122030978114     
  0.53034751472144148       0.15313503463512346     
  0.54367449181338012       0.13326977091938616     
  0.55477770788752401       0.11103216074143865     
  0.56343553545050185        8.6578275629777823E-002
  0.56944373097381629        6.0081955233144649E-002
  0.57261707954382179        3.1733485700055387E-002
  0.57279093234401901        1.7385280019716065E-003
  0.56982265931070430       -2.9682730333147143E-002
  0.56359303411588546       -6.2296251948188240E-002
  0.55400756114044292       -9.5854729754425952E-002
  0.54099774466842698      -0.13009816472015898     
  0.52452228965281344      -0.16475455015613549     
  0.50456821169529253      -0.19954077957520913     
  0.48115182209459967      -0.23416389600692852     
  0.45431954281225195      -0.26832279282347732     
  0.42414849693748802      -0.30171045874763958     
  0.39074681371235409      -0.33401683225133955     
  0.35425358439603777      -0.36493229316316300     
  0.31483840709037386      -0.39415177305663890     
  0.27270046578005169      -0.42137941310322169     
  0.22806710157846333      -0.44633364201588355     
  0.18119185236451804      -0.46875249213945275     
  0.13235195994409873      -0.48839892420419295     
   8.1845370282371280E-002 -0.50506589661727452     
   2.9987280398006487E-002 -0.51858089884364789     
  -2.2893687053315993E-002 -0.52880967451322480     
  -7.6459576083996478E-002 -0.53565889030680480     
 -0.13036733214075852      -0.53907756056762024     
 -0.18427304325370247      -0.53905711112943955     
 -0.23783604850691870      -0.53563005253216234     
 -0.29072278092690768      -0.52886732419988958     
 -0.34261022674005348      -0.51887445813145794     
 -0.39318890520176281      -0.50578678461709314     
 -0.44216530086635486      -0.48976395664592043     
 -0.48926371085264891      -0.47098409986294054     
 -0.53422750085995097      -0.44963790007302024     
 -0.57681979307912123      -0.42592292219170258     
 -0.61682363481591662      -0.40003841736795370     
 -0.65404171725540716      -0.37218082439490535     
 -0.68829572862106858      -0.34254011365661458     
 -0.71942543487863297      -0.31129706257564393     
 -0.74728758444736054      -0.27862149568727623     
 -0.77175473180381637      -0.24467147356455843     
 -0.79271406929050903      -0.20959337486692703     
 -0.81006634783266440      -0.17352278542155378     
 -0.82372495653128686      -0.13658608698622454     
 -0.83361521902183633       -9.8902624905494591E-002
 -0.83967395167394765       -6.0587326521113705E-002
 -0.84184931557866272       -2.1753639047150459E-002
 -0.84010098106753750        1.7483345111252248E-002
 -0.83440061032647439        5.7003707410631543E-002
 -0.82473265049565136        9.6679598308229683E-002
 -0.81109541642379979       0.13637234071851553     
 -0.79350242891616174       0.17592987507638064     
 -0.77198396089484111       0.21518468021320594     
 -0.74658873051918795       0.25395230375653199     
 -0.71738566731289477       0.29203063206293139     
 -0.68446566525231345       0.32920002060581272     
 -0.64794322636086887       0.36522438891444542     
 -0.60795789062174199       0.39985335739126893     
 -0.56467534412494758       0.43282546496794377     
 -0.51828809852798896       0.46387245596958576     
 -0.46901564226588449       0.49272456262104464     
 -0.41710397835296820       0.51911663912916284     
 -0.36282448544493562       0.54279492908032601     
 -0.30647206776223712       0.56352417682698475     
 -0.24836259437924663       0.58109473382990495     
 -0.18882966725593786       0.59532927123308776     
 -0.12822079745156487       0.60608869804373000     
  -6.6893106892518900E-002  0.61327690559045966     
  -5.2087053716371595E-003  0.61684401520881738     
   5.6470084093031704E-002  0.61678789464668859     
  0.11778546631558037       0.61315382222548664     
  0.17838869684309236       0.60603230527511975     
  0.23794421559003984       0.59555518746947478     
  0.29613324507815530       0.58189029488115473     
  0.35265674119441925       0.56523496116263916     
  0.40723762420726256       0.54580883012843306     
  0.45962225976842863       0.52384635561166071     
  0.50958120026399245       0.49958940495563775     
  0.55690923317022589       0.47328032906233386     
  0.60142481282200067       0.44515579651774767     
  0.64296897393985997       0.41544161117859252     
  0.68140383901856993       0.38434865078710023     
  0.71661083766040690       0.35206998641836940     
  0.74848875511837021       0.31877917457963301     
  0.77695172102127097       0.28462965902900755     
  0.80192723893886819       0.24975517917597267     
  0.82335434452032707       0.21427105581458852     
  0.84118196564093539       0.17827621120608350     
  0.85536754331126386       0.14185577670328517     
  0.86587595775462156       0.10508414443357755     
  0.87267879048725427        6.8028327326327076E-002
  0.87575394064568812        3.0751501584338942E-002
  0.87508560220616372       -6.6833843952444350E-003
  0.87066459799811835       -4.4210042080453919E-002
  0.86248905630356598       -8.1755416945523351E-002
  0.85056540609687581      -0.11923650206690134     
  0.83490965736912082      -0.15655748727755026     
  0.81554892331476436      -0.19360734054356396     
  0.79252313136078645      -0.23025791953977953     
  0.76588686016298346      -0.26636271197802935     
  0.73571123003720729      -0.30175630125776154     
  0.70208576529550859      -0.33625464741698730     
  0.66512013928841240      -0.36965626007096175     
  0.62494570747319911      -0.40174431815213318     
  0.58171673152818437      -0.43228975945014747     
  0.53561119945488500      -0.46105532073299399     
  0.48683115371367836      -0.48780045741206673     
  0.43560245244781637      -0.51228701265862009     
  0.38217390808321305      -0.53428544364603314     
  0.32681577280153562      -0.55358135281677445     
  0.26981757064888523      -0.56998202152650357     
  0.21148530972535715      -0.58332260923528090     
  0.15213814271979617      -0.59347167005560963     
   9.2104577264241344E-002 -0.60033565455554816     
   3.1718366264342115E-002 -0.60386210999899226     
  -2.8685770221305473E-002 -0.60404136485647586     
  -8.8776428011548628E-002 -0.60090657790243152     
 -0.14822964199300909      -0.59453213981460451     
 -0.20673269450925352      -0.58503052516244436     
 -0.26398747388922184      -0.57254779379968290     
 -0.31971327618426620      -0.55725802295044380     
 -0.37364897691710264      -0.53935700732836422     
 -0.42555453598245147      -0.51905559065348816     
 -0.47521183477892492      -0.49657298796473481     
 -0.52242487754320543      -0.47213042764280494     
 -0.56701941665159039      -0.44594539108384951     
 -0.60884208304205378      -0.41822666390463414     
 -0.64775911734401681      -0.38917034301963060     
 -0.68365480491575570      -0.35895687571738844     
 -0.71642971944699618      -0.32774914531240434     
 -0.74599887610695115      -0.29569156659955004     
 -0.77228988760028805      -0.26291011493336902     
 -0.79524120614743210      -0.22951318547144051     
 -0.81480052244140067      -0.19559316293968596     
 -0.83092337998071053      -0.16122857539309818     
 -0.84357205054616913      -0.12648670565458586     
 -0.85271470445964292       -9.1426539134737472E-002
 -0.85832489790353772       -5.6101934438947801E-002
 -0.86038138907714956       -2.0564911736118192E-002
 -0.85886828526396297        1.5131038131865851E-002
 -0.85377551382620120        5.0927714377617735E-002
 -0.84509960151661279        8.6759123095883794E-002
 -0.83284473807531800       0.12254863441294744     
 -0.81702409166040424       0.15820646414913803     
 -0.79766133510871651       0.19362756551687677     
 -0.77479233330333552       0.22869001805381028     
 -0.74846693313646362       0.26325400166871921     
 -0.71875078896204747       0.29716144174416104     
 -0.68572714847047256       0.33023640491574885     
 -0.64949851720587937       0.36228631264593147     
 -0.61018811526074701       0.39310401945132378     
 -0.56794103790747241       0.42247077353274598     
 -0.52292503397756818       0.45016003929904252     
 -0.47533082250978520       0.47594211467782960     
 -0.42537188017731248       0.49958942332472733     
 -0.37328364952902809       0.52088230648284384     
 -0.31932214090435085       0.53961508624677235     
 -0.26376192818007199       0.55560212724278857     
 -0.20689356883665733       0.56868359343414654     
 -0.14902051018731149       0.57873058649345821     
  -9.0455573588849231E-002  0.58564936598462269     
  -3.1517134484484267E-002  0.58938439104364959     
   2.7474864202602048E-002  0.58991998687086311     
   8.6202916452039952E-002  0.58728052249437901     
  0.14435582460427410       0.58152908152234128     
  0.20163229517761486       0.57276470573340765     
  0.25774413343837654       0.56111838260761659     
  0.31241893578019769       0.54674802341821160     
  0.36540220893848074       0.52983273158283051     
  0.41645887772792251       0.51056668789441750     
  0.46537417568709144       0.48915297959168913     
  0.51195394334613309       0.46579767659041682     
  0.55602438489727268       0.44070441551139616     
  0.59743135456754559       0.41406969670272953     
  0.63603925835807595       0.38607903790530407     
  0.67172966502393816       0.35690406665862223     
  0.70439972271685025       0.32670057692912091     
  0.73396047543682907       0.29560752719978856     
  0.76033516736274165       0.26374691925912619     
  0.78345761432593952       0.23122446963197821     
  0.80327071116087423       0.19813096834934685     
  0.81972513227407451       0.16454421113200318     
  0.83277827119442105       0.13053138920346541     
  0.84239345357934325        9.6151823849222301E-002
  0.84853944743724752        6.1459938579043007E-002
  0.85119028430122479        2.6508368639772354E-002
  0.85032539573178301       -8.6488856944176018E-003
  0.84593006071707444       -4.3953350147085249E-002
  0.83799615109807257       -7.9339096190018957E-002
  0.82652315387282915      -0.11472997225243381     
  0.81151944094520712      -0.15003712927622037     
  0.79300374845092070      -0.18515692494286412     
  0.77100681917915403      -0.21996929271766610     
  0.74557315289618997      -0.25433666282964057     
  0.71676280080335208      -0.28810352092837926     
  0.68465313232866465      -0.32109668474687381     
  0.64934049553614459      -0.35312636792520047     
  0.61094168737145527      -0.38398808164689330     
  0.56959514759565910      -0.41346539775796104     
  0.52546179148130057      -0.44133356114358557     
  0.47872540198998104      -0.46736389491319524     
  0.42959251286572037      -0.49132889124260670     
  0.37829173018672280      -0.51300782678997570     
  0.32507246128508605      -0.53219268901636763     
  0.27020304587643812      -0.54869415408647915     
  0.21396831344594255      -0.56234732430495571     
  0.15666662155930094      -0.57301691886641604     
   9.8606459525567736E-002 -0.58060162033733209     
   4.0102728245698105E-002 -0.58503731279869631     
  -1.8527172268957774E-002 -0.58629900514655875     
  -7.6967303345524957E-002 -0.58440131076567181     
 -0.13490704794094571      -0.57939744595420761     
 -0.19204472848039689      -0.57137680539451163     
 -0.24809085489677901      -0.56046126416382136     
 -0.30277089823401659      -0.54680043337237605     
 -0.35582751358036835      -0.53056615346351732     
 -0.40702216770337640      -0.51194654123008021     
 -0.45613615896129445      -0.49113991257918010     
 -0.50297104745429078      -0.46834888492996279     
 -0.54734853997492539      -0.44377492520634609     
 -0.58910989573311345      -0.41761355758188029     
 -0.62811493432275278      -0.39005038589639313     
 -0.66424073683339080      -0.36125802510638011     
 -0.69738013476876415      -0.33139397935373388     
 -0.72744008026234208      -0.30059945493577883     
 -0.75433998594299889      -0.26899905680656866     
 -0.77801011474223292      -0.23670128799234047     
 -0.79839008994829397      -0.20379975206061099     
 -0.81542758477909605      -0.17037494830802083     
 -0.82907723936843325      -0.13649654589337179     
 -0.83929984184871154      -0.10222602480278303     
 -0.84606179948742832       -6.7619576387168229E-002
 -0.84933491574223674       -3.2731162548084364E-002
 -0.84909647964794122        2.3843609429554866E-003
 -0.84532966504034524        3.7668146075960113E-002
 -0.83802422859172077        7.3054364486244860E-002
 -0.82717748728778451       0.10846741303936294     
 -0.81279554763356821       0.14381939654216289     
 -0.79489475040018953       0.17900797233378637     
 -0.77350328606469210       0.21391464335497384     
 -0.74866292731647388       0.24840358748218244     
 -0.72043081631791483       0.28232110998558996     
 -0.68888123619142738       0.31549580126487398     
 -0.65410728901124782       0.34773947180179537     
 -0.61622239711782123       0.37884891893426614     
 -0.57536154168125520       0.40860855436566040     
 -0.53168215301062050       0.43679388670634722     
 -0.48536457198997512       0.46317581020645382     
 -0.43661201190770682       0.48752560082268293     
 -0.38564996521753148       0.50962046690175355     
 -0.33272502037233398       0.52924944845197475     
 -0.27810307920366206       0.54621941168671884     
 -0.22206699417716724       0.56036085026494808     
 -0.16491367545989044       0.57153318717276791     
 -0.10695074785524203       0.57962927604648418     
  -4.8492864816008341E-002  0.58457883039233682     
   1.0142191511255394E-002  0.58635056327263735     
   6.8637481027480587E-002  0.58495289516225191     
  0.12668079877780331       0.58043317750322698     
  0.18396834632976922       0.57287547551965912     
  0.24020805099282894       0.56239704663059731     
  0.29512242411489381       0.54914373122064852     
  0.34845087743239100       0.53328453317497171     
  0.39995144780182479       0.51500570369433807     
  0.44940191298826415       0.49450465186439369     
  0.49660031206270644       0.47198399074442288     
  0.54136491130335485       0.44764599240648362     
  0.58353367881670892       0.42168767513354111     
  0.62296334754888250       0.39429668732173595     
  0.65952815672493759       0.36564809176055069     
  0.69311836634386026       0.33590209618922651     
  0.72363863887222546       0.30520272528365244     
  0.75100637766465816       0.27367738792432755     
  0.77515010393403538       0.24143726269377172     
  0.79600794431432431       0.20857840380288878     
  0.81352629010588218       0.17518345791557904     
  0.82765867790042680       0.14132387794544671     
  0.83836492999132151       0.10706252090894687     
  0.84561058213198514        7.2456521406636235E-002
  0.84936661598352836        3.7560338515432300E-002
  0.84960950401822544        2.4288803469706757E-003
  0.84632156563329053       -3.2879383849348631E-002
  0.83949162462198534       -6.8299410113052114E-002
  0.82911594975483294      -0.10375674867152425     
  0.81519945185592924      -0.13916497898903654     
  0.79775710227390562      -0.17442349582023575     
  0.77681552897903117      -0.20941573294874433     
  0.75241473771555334      -0.24400791263477845     
  0.72460989689292488      -0.27804840822628429     
  0.69347311656707777      -0.31136780325847124     
  0.65909514447327999      -0.34377972093797798     
  0.62158689631978747      -0.37508248153492513     
  0.58108073426164630      -0.40506162058141210     
  0.53773140753953319      -0.43349326722113168     
  0.49171657355623971      -0.46014833983293463     
  0.44323682689264443      -0.48479746663595291     
  0.39251517836907202      -0.50721648523572427     
  0.33979594624588172      -0.52719232123190296     
  0.28534304650011133      -0.54452899745770378     
  0.22943769768426003      -0.55905348815851308     
  0.17237558645467085      -0.57062111229589185     
  0.11446357025790932      -0.57912016196761529     
   5.6016021412902836E-002 -0.58447548845006481     
  -2.6490605513827467E-003 -0.58665081964285581     
  -6.1214026118471092E-002 -0.58564965567088345     
 -0.11936549392454851      -0.58151467806077406     
 -0.17679806432081710      -0.57432570396268579     
 -0.23321769540903256      -0.56419631088215461     
 -0.28834462941583394      -0.55126934006801409     
 -0.34191578445065762      -0.53571155034823648     
 -0.39368655781683570      -0.51770773366178102     
 -0.44343201949469885      -0.49745461677863162     
 -0.49094750568006740      -0.47515486185368538     
 -0.53604865021028891      -0.45101144530221549     
 -0.57857091477190237      -0.42522264561613465     
 -0.61836869603156708      -0.39797781259664750     
 -0.65531409897026649      -0.36945402938699384     
 -0.68929547098196453      -0.33981372011698097     
 -0.72021579138711223      -0.30920320405147717     
 -0.74799100683449649      -0.27775215447384305     
 -0.77254839566092370      -0.24557388826427165     
 -0.79382503467442544      -0.21276639013501747     
 -0.81176643094550738      -0.17941396271081950     
 -0.82632536979083604      -0.14558938845328664     
 -0.83746101878108170      -0.11135648990245647     
 -0.84513831667114292       -7.6772978900611785E-002
 -0.84932766582966823       -4.1893491585253455E-002
 -0.85000493707792202       -6.7727124825376350E-003
 -0.84715178676203928        2.8531503158827118E-002
 -0.84075627722626467        6.3955095357746294E-002
 -0.83081378343780610        9.9424937884585368E-002
 -0.81732816014645704       0.13485623291349094     
 -0.80031313549219851       0.17015024654258568     
 -0.77979388832450081       0.20519247167697691     
 -0.75580875770031486       0.23985130624185946     
 -0.72841102425593474       0.27397733444380118     
 -0.69767069473602827       0.30740329519906495     
 -0.66367621342001559       0.33994481316012648     
 -0.62653601818756532       0.37140195232450229     
 -0.58637985532377013       0.40156162863795236     
 -0.54335976677033904       0.43020088553431046     
 -0.49765066725872292       0.45709099511616125     
 -0.44945043735985107       0.48200229898871827     
 -0.39897947242964238       0.50470964930208717     
 -0.34647964678775878       0.52499825641883580     
 -0.29221267678063234       0.54266970007126403     
 -0.23645789459347727       0.55754782187155061     
 -0.17950947514217769       0.56948419451299570     
 -0.12167318894985549       0.57836286192322195     
  -6.3262782141953688E-002  0.58410406807901794     
  -4.5961080841331325E-003  0.58666674057820556     
   5.4008848486895571E-002  0.58604956571028699     
  0.11223790638584372       0.58229057898948133     
  0.16978443546930694       0.57546529083463205     
  0.22635278166032158       0.56568346191014629     
  0.28166125438242495       0.55308472722103375     
  0.33544458782272080       0.53783333440295866     
  0.38745581824795405       0.52011230425233235     
  0.43746755204641330       0.50011733798459235     
  0.48527263072122090       0.47805078674807594     
  0.53068422752676059       0.45411596805539656     
  0.57353543417279051       0.42851206646029905     
  0.61367841401263967       0.40142979839849147     
  0.65098321001431536       0.37304796001675683     
  0.68533630177874161       0.34353091764426213     
  0.71663900654147505       0.31302704762733397     
  0.74480581537634327       0.28166808834868251     
  0.76976274874496020       0.24956933368616979     
  0.79144580614024396       0.21683057395283778     
  0.80979957379463230       0.18353767654388359     
  0.82477604304563379       0.14976469251001495     
  0.83633368056337154       0.11557637517737766     
  0.84443678064195216        8.1031000785805940E-002
  0.84905511935232025        4.6183387103680848E-002
  0.85016392060753976        1.1088012552194888E-002
  0.84774413504059210       -2.4197855669476430E-002
  0.84178302389571147       -5.9611111448806056E-002
  0.83227503169937667       -9.5079921963347802E-002
  0.81922292311408484      -0.13052108585291872     
  0.80263915092815608      -0.16583772185928775     
  0.78254741350972556      -0.20091737418430530     
  0.75898435126979491      -0.23563062239930702     
  0.73200132289120756      -0.26983028378587320     
  0.70166619360172433      -0.30335129289483259     
  0.66806506008738853      -0.33601133514335768     
  0.63130383041356697      -0.36761229673821610     
  0.59150957334369003      -0.39794257069876920     
  0.54883155060431144      -0.42678022739378607     
  0.50344184882393239      -0.45389701780379044     
  0.45553553584080603      -0.47906312983126365     
  0.40533027934892207      -0.50205256491883943     
  0.35306538455699088      -0.52264894791931205     
  0.29900023128372732      -0.54065153273263566     
  0.24341211872384250      -0.55588112559884828     
  0.18659355641497485      -0.56818562308867648     
  0.12884907062439049      -0.57744485790584354     
   7.0491624027875163E-002 -0.58357446596515328     
   1.1838770667021298E-002 -0.58652853360853863     
  -4.6791314530755308E-002 -0.58630085197776605     
 -0.10508378364473087      -0.58292469113975565     
 -0.16273089381734757      -0.57647110172616700     
 -0.21943547854786846      -0.56704584730520891     
 -0.27491399424908070      -0.55478515701212250     
 -0.32889904994002966      -0.53985055690948969     
 -0.38114135836691176      -0.52242308426882067     
 -0.43141107923163846      -0.50269720864726675     
 -0.47949855699747729      -0.48087477765838810     
 -0.52521448468777177      -0.45715927690294533     
 -0.56838954947615894      -0.43175064788387196     
 -0.60887363459694144      -0.40484085120782448     
 -0.64653466473811683      -0.37661030141175345     
 -0.68125718874661190      -0.34722524008495120     
 -0.71294079475420080      -0.31683606007588894     
 -0.74149844960054423      -0.28557654846343461     
 -0.76685484771165291      -0.25356398111108658     
 -0.78894484542878573      -0.22089997717132787     
 -0.80771204612992453      -0.18767200701138792     
 -0.82310759014631496      -0.15395544016390372     
 -0.83508919206500132      -0.11981601918686310     
 -0.84362045694353693       -8.5312648785356299E-002
 -0.84867049647972082       -5.0500395361838812E-002
 -0.85021385635340074       -1.5433598736799038E-002
 -0.84823075674033610        1.9830996130645970E-002
 -0.84270763925380199        5.5231174865341057E-002
 -0.83363800511368180        9.0696341401202418E-002
 -0.82102352098146336       0.12614484132218384     
 -0.80487536046786379       0.16148160513599619     
 -0.78521574071877065       0.19659619749093118     
 -0.76207960471702674       0.23136136001743876     
 -0.73551639113738820       0.26563213579638584     
 -0.70559182505296625       0.29924566084421922     
 -0.67238965497935566       0.33202170073610637     
 -0.63601325529393227       0.36376399685423377     
 -0.59658700876554860       0.39426246528383685     
 -0.55425738265188040       0.42329626113668156     
 -0.50919361445794964       0.45063768193930759     
 -0.46158793078985766       0.47605683668091969     
 -0.41165523533856124       0.49932695451296411     
 -0.35963222007071827       0.52023015267842976     
 -0.30577587686745900       0.53856343203259271     
 -0.25036141423240932       0.55414462635049688     
 -0.19367961378097029       0.56681800451439024     
 -0.13603369198778040       0.57645921793189892     
  -7.7735761709790713E-002  0.58297930277989685     
  -1.9103012807358814E-002  0.58632748902431897     
   3.9546250565830818E-002  0.58649263373189631     
   9.7896568564523168E-002  0.58350317998692347     
  0.15563913228295692       0.57742563718433759     
  0.21247529972355034       0.56836167440593399     
  0.26811970037390348       0.55644400650353154     
  0.32230283277153138       0.54183132397627864     
  0.37477308942547877       0.52470256653947378     
  0.42529817574842577       0.50525086322946988     
  0.47366592164534027       0.48367745896914516     
  0.51968451380698610       0.46018592161645805     
  0.56318220177500000       0.43497687968013860     
  0.60400655031106854       0.40824348536068494     
  0.64202332399442807       0.38016773683359556     
  0.67711509735392950       0.35091773359501444     
  0.70917968574417689       0.32064588390247345     
  0.73812848944825971       0.28948803704082776     
  0.76388483714650957       0.25756347698249832     
  0.78638240597657316       0.22497568830063550     
  0.80556378489532243       0.19181378918749245     
  0.82137923676190439       0.15815451866581909     
  0.83378570313259759       0.12406466370693209     
  0.84274608463477796        8.9603815021803826E-002
  0.84822881922542048        5.4827345906425129E-002
  0.85020777073320530        1.9789515077847861E-002
  0.84866243079717762       -1.5453399360276343E-002
  0.84357842852172660       -5.0840022754510480E-002
  0.83494833368691779       -8.6300948348088644E-002
  0.82277273099025483      -0.12175602696662910     
  0.80706153438019457      -0.15711196610060285     
  0.78783550196408902      -0.19226032416105518     
  0.76512790322155277      -0.22707598742536256     
  0.73898628144565126      -0.26141621775901536     
  0.70947424574134788      -0.29512035704303385     
  0.67667321897739430      -0.32801026763953522     
  0.64068406143041390      -0.35989157546980438     
  0.60162848524540802      -0.39055576185005830     
  0.55965017313522736      -0.41978312110180682     
  0.51491551684664316      -0.44734656288584201     
  0.46761389764184458      -0.47301619204798595     
  0.41795744297417176      -0.49656454667672822     
  0.36618021091063091      -0.51777232063540846     
  0.31253677641920730      -0.53643434491423603     
  0.25730022056624369      -0.55236555852963576     
  0.20075955352432795      -0.56540667041915726     
  0.14321663309678453      -0.57542920427543409     
   8.4982669855225360E-002 -0.58233963241559172     
   2.6374435448816125E-002 -0.58608234406409232     
  -3.2289690183692446E-002 -0.58664125632508568     
  -9.0693685985899830E-002 -0.58403995802207376     
 -0.14852772300537936      -0.57834037019479523     
 -0.20549172333697924      -0.56964000331599873     
 -0.26129852140613019      -0.55806798069150942     
 -0.31567652854604661      -0.54378007139916407     
 -0.36837183134386975      -0.52695302797823163     
 -0.41914968637361449      -0.50777855029744723     
 -0.46779540609484582      -0.48645719721231334     
 -0.51411466052792598      -0.46319254433080193     
 -0.55793324495471031      -0.43818584426784352     
 -0.59909638408844124      -0.41163139133730942     
 -0.63746765730838473      -0.38371273219943469     
 -0.67292763766086161      -0.35459980352476861     
 -0.70537233986959835      -0.32444702208736736     
 -0.73471157039226842      -0.29339230522670118     
 -0.76086726660813286      -0.26155696215864438     
 -0.78377190357140292      -0.22904636963270036     
 -0.80336703640057217      -0.19595132829169218     
 -0.81960203514052721      -0.16234998739955001     
 -0.83243305749482932      -0.12831022354302085     
 -0.84182229364699901       -9.3892361521696471E-002
 -0.84773750675017645       -5.9152131031774663E-002
 -0.85015188267664477       -2.4143759264683630E-002
 -0.84904419326117264        1.1076894154721448E-002
 -0.84439926842697033        4.6449248342023144E-002
 -0.83620876407425082        8.1905043527195631E-002
 -0.82447220424392431       0.11736559830326554     
 -0.80919826766724301       0.15273936576681341     
 -0.79040628025754933       0.18791987409693672     
 -0.76812786636669084       0.22278413890858512     
 -0.74240870281565952       0.25719163551031338     
 -0.71331031106876908       0.29098391746890412     
 -0.68091181487561558       0.32398496193153459     
 -0.64531158385061294       0.35600231025002593     
 -0.60662867854646263       0.38682905304150322     
 -0.56500401046631488       0.41624668080147792     
 -0.52060113204591585       0.44402878420399056     
 -0.47360657774829223       0.46994554297623614     
 -0.42422968867670008       0.49376889071592134     
 -0.37270186981342984       0.51527818863270214     
 -0.31927525094692261       0.53426618866507214     
 -0.26422074880214241       0.55054502144780160     
 -0.20782555747887049       0.56395191323271920     
 -0.15039012511294325       0.57435432365927241     
  -9.2224704377261976E-002  0.58165420735681272     
  -3.3645590522606454E-002  0.58579113854655518     
   2.5028819274584953E-002  0.58674409797191407     
   8.3481999412697738E-002  0.58453180138112781     
  0.14140315355406632       0.57921154141368592     
  0.19849081467465962       0.57087661120593303     
  0.25445606155297884       0.55965246878319208     
  0.30902524930563124       0.54569187752652371     
  0.36194218059051653       0.52916931284885260     
  0.41296967606002438       0.51027495469507833     
  0.46189053494055204       0.48920858880527651     
  0.50850790684786373       0.46617371907311689     
  0.55264512218655182       0.44137215338688141     
  0.59414504939678003       0.41499927210228194     
  0.63286906222349093       0.38724012826710874     
  0.66869570902091713       0.35826646797426176     
  0.70151917929705532       0.32823470276138172     
  0.73124766103294714       0.29728481735891832     
  0.75780167676672117       0.26554015733774039     
  0.78111247806085338       0.23310801294132208     
  0.80112056776989682       0.20008089709043420     
  0.81777440836025406       0.16653840590357244     
  0.83102936309034114       0.13254954730087048     
  0.84084690562983644        9.8175425394952776E-002
  0.84719412298124686        6.3472173514103974E-002
  0.85004352649716164        2.8494035159147512E-002
  0.84937317635571741       -6.7035014144422658E-003
  0.84516711595687710       -4.2060603988402591E-002
  0.83741610416219270       -7.7510117946844342E-002
  0.82611862492601140      -0.11297479236181324     
  0.81128214547654287      -0.14836479449468493     
  0.79292458567309265      -0.18357559803450202     
  0.77107595245176130      -0.21848633221331373     
  0.74578008445835586      -0.25295867993405463     
  0.71709644328622302      -0.28683641172132823     
  0.68510187958901236      -0.31994563697210610     
  0.64989229529851089      -0.35209584290501444     
  0.61158411797869749      -0.38308177319813402     
  0.57031550083961124      -0.41268617139086239     
  0.52624716301554175      -0.44068337824069470     
  0.47956279022329229      -0.46684372792249429     
  0.43046892651732793      -0.49093863705964375     
  0.37919430388602920      -0.51274622631298727     
  0.32598857776612122      -0.53205726119907948     
  0.27112046250926419      -0.54868115256857020     
  0.21487529012956305      -0.56245172379701136     
  0.15755204643983781      -0.57323243689725245     
   9.9459968658861100E-002 -0.58092077780976703     
   4.0914815238744295E-002 -0.58545153420116802     
  -1.7765060407217592E-002 -0.58679875645961888     
  -7.6262687442861632E-002 -0.58497627035644040     
 -0.13426635757771499      -0.58003670134853369     
 -0.19147326427802064      -0.57206906700305649     
 -0.24759277287722042      -0.56119508599199797     
 -0.30234921593195435      -0.54756443054733928     
 -0.35548413663621287      -0.53134920704258515     
 -0.40675793484595202      -0.51273798209739174     
 -0.45595090265624705      -0.49192967810295052     
 -0.50286366707770103      -0.46912764421454017     
 -0.54731708417775637      -0.44453417100055331     
 -0.58915165067707942      -0.41834566499323000     
 -0.62822651466234347      -0.39074863985264063     
 -0.66441817665259073      -0.36191661990247204     
 -0.69761897611084900      -0.33200799458258268     
 -0.72773545737432443      -0.30116481263475492     
 -0.75468670385482550      -0.26951246480501034     
 -0.77840272128370147      -0.23716017428875946     
 -0.79882294075083271      -0.20420219467131256     
 -0.81589490119982422      -0.17071960448991455     
 -0.82957315960203548      -0.13678258402211313     
 -0.83981846575591446      -0.10245306153878983     
 -0.84659722786861535       -6.7787621127009465E-002
 -0.84988128492491255       -3.2840570562971988E-002
 -0.84964799234256028        2.3329258235225067E-003
 -0.84588061845591556        3.7673738866447391E-002
 -0.83856904079555694        7.3115776603586119E-002
 -0.82771072274688173       0.10858318048675253     
 -0.81331194279129915       0.14398779955582541     
 -0.79538924002345024       0.17922702767848925     
 -0.77397103094470587       0.21418209078744363     
 -0.74909934372264964       0.24871687222056277     
 -0.72083160739058361       0.28267736332066074     
 -0.68924242521961943       0.31589182170964170     
 -0.65442525428196052       0.34817170937658931     
 -0.61649390775259760       0.37931346529362941     
 -0.57558379360705614       0.40910114145541465     
 -0.53185280396123669       0.43730989645819490     
 -0.48548177422094596       0.46371029740290715     
 -0.43667444115302662       0.48807333067919362     
 -0.38565684434123837       0.51017596811788224     
 -0.33267613619048986       0.52980708150748534     
 -0.27799879108457154       0.54677345105918329     
 -0.22190823327373121       0.56090557810840325     
 -0.16470193378079526       0.57206299492935953     
 -0.10668805682264210       0.58013876958153165     
  -4.8181763456851955E-002  0.58506293365790141     
   1.0498698073281777E-002  0.58680461530133732     
   6.9035971615044128E-002  0.58537273541762347     
  0.12711749314116069       0.58081521526116553     
  0.18443916713824346       0.57321673997082756     
  0.24070868870565734       0.56269521567413872     
  0.29564840253889502       0.54939713833237680     
  0.34899761785237127       0.53349215313476261     
  0.40051432977375317       0.51516711921381919     
  0.44997633018983652       0.49462000416083324     
  0.49718172196910076       0.47205391779264250     
  0.54194887786346368       0.44767155894362914     
  0.58411590771423749       0.42167029850773841     
  0.62353971401551378       0.39423806301276332     
  0.66009472620815335       0.36555012192639585     
  0.69367140860639498       0.33576682398241636     
  0.72417463630725154       0.30503227700856556     
  0.75152202875064766       0.27347392443396085     
  0.77564232283058887       0.24120294079941262     
  0.79647385762301393       0.20831534792424997     
  0.81396323179782870       0.17489374174814734     
  0.82806418335472898       0.14100951556900315     
  0.83873673000468485       0.10672546649955839     
  0.84594659765774127        7.2098676530564204E-002
  0.84966495424380517        3.7183565860638958E-002
  0.84986845651067888        2.0350226687370632E-003
  0.84653960842627529       -3.3288480844035927E-002
  0.83966742120069793       -6.8721872255774155E-002
  0.82924835654621110      -0.10419064654486834     
  0.81528752642181179      -0.13960830124399276     
  0.79780011402000828      -0.17487412401803493     
  0.77681297208203981      -0.20987141937968523     
  0.75236634582346429      -0.24446626258575527     
  0.72451565900756543      -0.27850686815898834     
  0.69333329337728544      -0.31182365630279940     
  0.65891028427937415      -0.34423009097911345     
  0.62135784958363960      -0.37552434695734577     
  0.58080866574245438      -0.40549183841185221     
  0.53741780494484925      -0.43390860797605091     
  0.49136325166216038      -0.46054553282688859     
  0.44284592617582230      -0.48517325486338070     
  0.39208915735223410      -0.50756768823588183     
  0.33933756698839190      -0.52751590363842216     
  0.28485535295953468      -0.54482214028857212     
  0.22892398702003916      -0.55931365939495525     
  0.17183937371969243      -0.57084613300346720     
  0.11390854730070180      -0.57930826418990633     
   5.5446011161771391E-002 -0.58462536138930399     
  -3.2301529615480981E-003 -0.58676164123319485     
  -6.1802263712626281E-002 -0.58572110751078177     
 -0.11995695798534367      -0.58154694272717378     
 -0.17738890247334718      -0.57431944488003506     
 -0.23380416607830132      -0.56415263604954136     
 -0.28892314127296614      -0.55118975194664854     
 -0.34248292977170902      -0.53559788498742844     
 -0.39423913903507707      -0.51756209263368058     
 -0.44396706860277113      -0.49727929567694079     
 -0.49146229650304085      -0.47495227900269743     
 -0.53654070389944331      -0.45078407396402415     
 -0.57903799914348975      -0.42497295244046407     
 -0.61880881958383549      -0.39770820440345683     
 -0.65572550055175782      -0.36916680967922355     
 -0.68967660615695114      -0.33951105605193288     
 -0.72056531655710832      -0.30888710400157177     
 -0.74830776213819472      -0.27742445581086439     
 -0.77283138760011272      -0.24523625461917969     
 -0.79407341931186692      -0.21242031711754250     
 -0.81197949840272110      -0.17906079090854213     
 -0.82650253064785506      -0.14523032245133974     
 -0.83760179285303382      -0.11099262205178734     
 -0.84524232451243186       -7.6405316593980865E-002
 -0.84939462319808756       -4.1522986856557226E-002
 -0.85003465247912979       -6.4002928104227030E-003
 -0.84714416208911480        2.8904903900149957E-002
 -0.84071131140838684        6.4328506807279973E-002
 -0.83073157891489235        9.9797324934944726E-002
 -0.81720893189135324       0.13522647023539083     
 -0.80015722220764962       0.17051709683703570     
 -0.77960176534841674       0.20555456859232862     
 -0.75558105106072393       0.24020714287692818     
 -0.72814852522889817       0.27432525831825788     
 -0.69737437417972159       0.30774151049176524     
 -0.66334723509188587       0.34027139087835701     
 -0.62617575020613014       0.37171484885755735     
 -0.58598987892044729       0.40185871285682839     
 -0.54294188149815126       0.43047997422296080     
 -0.49720689189149647       0.45734989606654752     
 -0.44898300583325679       0.48223886058239701     
 -0.39849082434629196       0.50492181486964804     
 -0.34597241223007819       0.52518412116213764     
 -0.29168965543926745       0.54282756790810738     
 -0.23592202951156785       0.55767625927699593     
 -0.17896382167765501       0.56958207833912833     
 -0.12112087984584749       0.57842941831807515     
  -6.2706989844800401E-002  0.58413890001047086     
  -4.0400056362313169E-003  0.58666984208569084     
   5.4562126544902653E-002  0.58602132181133970     
  0.11278530165372537       0.58223175108822711     
  0.17032300049635979       0.57537698842634410     
  0.22687971072196134       0.56556710225601559     
  0.28217390926143743       0.55294198539476080     
  0.33594051792352070       0.53766608662083248     
  0.38793277468902454       0.51992256765503819     
  0.43792349569280681       0.49990721003782246     
  0.48570573441233311       0.47782238719526304     
  0.53109287300606867       0.45387138593735532     
  0.57391820442350916       0.42825331417440449     
  0.61403408184039809       0.40115877416888951     
  0.65131072379505073       0.37276641954652673     
  0.68563476931191414       0.34324045516863411     
  0.71690767792367183       0.31272908611757705     
  0.74504406574841275       0.28136387824740944     
  0.76997006167752302       0.24925995929110245     
  0.79162175831763770       0.21651696640114665     
  0.80994382154454914       0.18322063226911439     
  0.82488831114756689       0.14944489603017774     
  0.83641375365821169       0.11525442510644822     
  0.84448449746050547        8.0707438022938185E-002
  0.84907036988334672        4.5858724228412633E-002
  0.85014664623600844        1.0762763526617071E-002
  0.84769433160312557       -2.4523146328828779E-002
  0.84170074752097268       -5.9935840821529203E-002
  0.83216040722455542       -9.5403402964172046E-002
  0.81907615479293583      -0.13084252431619614     
  0.80246053506999049      -0.16615619722945366     
  0.78233735261195625      -0.20123182458034214     
  0.75874336912978668      -0.23593983482169609     
  0.73173008010835849      -0.27013289021428222     
  0.70136550281149013      -0.30364577296868389     
  0.66773590021049012      -0.33629602600999992     
  0.63094735916240896      -0.36788541048081108     
  0.59112713721158805      -0.39820221950820861     
  0.54842469157933393      -0.42702445632254116     
  0.50301230712529477      -0.45412384454039212     
  0.45508524807735851      -0.47927059047936238     
  0.40486137164893127      -0.50223876428427217     
  0.35258016041454315      -0.52281211234388092     
  0.29850115410307110      -0.54079006311472033     
  0.24290178930683873      -0.55599364796232376     
  0.18607468591157755      -0.56827103395261169     
  0.12832444973103968      -0.57750236180537873     
   6.9964089451474587E-002 -0.58360360279565082     
   1.1311170051341510E-002 -0.58652919400133074     
  -4.7316157911604935E-002 -0.58627327962946441     
 -0.10560310509621018      -0.58286947184605253     
 -0.16324201906980165      -0.57638913973591466     
 -0.21993585211236089      -0.56693833042559227     
 -0.27540120337049462      -0.55465351258133722     
 -0.32937084349523266      -0.53969640124738039     
 -0.38159566034341230      -0.52224816848179645     
 -0.43184599671278895      -0.50250336369376625     
 -0.47991238285227045      -0.48066386139481498     
 -0.52560569539912583      -0.45693312546855369     
 -0.56875679872923901      -0.43151103330113139     
 -0.60921574338236339      -0.40458944653124373     
 -0.64685060880318324      -0.37634865420819863     
 -0.68154608425494723      -0.34695475451764018     
 -0.71320188299743670      -0.31655798742489527     
 -0.74173108155405187      -0.28529198556615137     
 -0.76705846914928555      -0.25327387595233636     
 -0.78911898321828211      -0.22060514068996590     
 -0.80785629622891342      -0.18737313010631254     
 -0.82322160771502351      -0.15365311486110098     
 -0.83517268401028444      -0.11951076295260905     
 -0.84367317711244605       -8.5004931021615687E-002
 -0.84869224363072671       -5.0190665182806231E-002
 -0.85020447494950990       -1.5122313187832397E-002
 -0.84819014052970687        2.0143344198030412E-002
 -0.84263573752850318        5.5544030012037025E-002
 -0.83353483146414342        9.1009060643597692E-002
 -0.82088916429124437       0.12645667172899072     
 -0.80470999781935737       0.16179166471887038     
 -0.78501965180489153       0.19690346014465820     
 -0.76185318727733231       0.23166464527559244     
 -0.73526017686135248       0.26593010415979856     
 -0.70530649532159950       0.29953681539753030     
 -0.67207605575393348       0.33230439567666076     
 -0.63567241041359335       0.36403645340340163     
 -0.59622013089134362       0.39452279522249678     
 -0.55386588110142443       0.42354249789919157     
 -0.50877909921967224       0.45086781881752197     
 -0.46115221209502411       0.47626887124648154     
 -0.41120031830609088       0.49951893788933233     
 -0.35916029412377781       0.52040024182313038     
 -0.30528929984640235       0.53870994277375461     
 -0.24986269138507688       0.55426608461325466     
 -0.19317137208276081       0.56691319302316068     
 -0.13551865051035272       0.57652721572408072     
  -7.7216698996694311E-002  0.58301951513658401     
  -1.8582732405646590E-002  0.58633966591047715     
   4.0064955145435441E-002  0.58647687551082028     
   9.8410948142905366E-002  0.58345992997469920     
  0.15614651428926141       0.57735566146356032     
  0.21297311730323026       0.56826603013968846     
  0.26860551737321731       0.55632400069987020     
  0.32277436389168740       0.54168846518470071     
  0.37522821511895682       0.52453851227269421     
  0.42573495171722786       0.50506736598271051     
  0.47408258307418050       0.48347631356952631     
  0.52007947470554039       0.45996891631359932     
  0.56355404999928360       0.43474575293743167     
  0.60435403897753015       0.40799988978246576     
  0.64234536008972998       0.37991321112199805     
  0.67741072838157723       0.35065368291847288     
  0.70944808524259195       0.32037356861014704     
  0.73836894217204097       0.28920856929449040     
  0.76409672463280609       0.25727782460765075     
  0.78656519313071105       0.22468468497904978     
  0.80571700813207414       0.19151815001363084     
  0.82150249413751009       0.15785486005435900     
  0.83387864680258050       0.12376152665070408     
  0.84280841587674304        8.9297690741625649E-002
  0.84826028617584959        5.4518702991065864E-002
  0.85020816890292550        1.9478827270758961E-002
  0.84863160635087431       -1.5765625520512090E-002
  0.84351628423115510       -5.1153221197192067E-002
  0.83485483739360278       -8.6614468375523224E-002
  0.82264792633977146      -0.12206911053831351     
  0.80690555351530602      -0.15742372824465400     
  0.78764857978748670      -0.19256973727819271     
  0.76491039276112638      -0.22738187026360279     
  0.73873866977781688      -0.26171722983309503     
  0.70919716985414172      -0.29541499923675169     
  0.67636748088952159      -0.32829688964620096     
  0.64035064183140811      -0.36016839058113448     
  0.60126855489285802      -0.39082086938550031     
  0.55926510124562201      -0.42003453647235955     
  0.51450687575449816      -0.44758225491123887     
  0.46718346308382119      -0.47323412670676945     
  0.41750718948474974      -0.49676273599071463     
  0.36571230199363480      -0.51794887491114916     
  0.31205354938040841      -0.53658752613226390     
  0.25680416614630353      -0.55249383234104876     
  0.20025329074324161      -0.56550875403061929     
  0.14270287999118181      -0.57550410752059811     
   8.4464211036378523E-002 -0.58238668954803274     
   2.5854087609939666E-002 -0.58610123426438854     
  -3.2809113546587769E-002 -0.58663201156527434     
  -9.1209409318642395E-002 -0.58400295772054622     
 -0.14903704161360962      -0.57827632294967224     
 -0.20599203329769233      -0.56954991684082723     
 -0.26178734547882437      -0.55795312181132029     
 -0.31615153733171208      -0.54364191852887733     
 -0.36883085921706021      -0.52679321885348107     
 -0.41959074200130897      -0.50759882784248744     
 -0.46821667763342578      -0.48625935632116818     
 -0.51451451583744912      -0.46297838204023328     
 -0.55831022737386826      -0.43795711536419146     
 -0.59944920446598748      -0.41138977092119267     
 -0.63779518308488703      -0.38345978618899568     
 -0.67322887984069912      -0.35433696755812094     
 -0.70564643872316979      -0.32417558882470643     
 -0.73495778069067819      -0.29311341967508442     
 -0.76108494312643371      -0.26127162435755558     
 -0.78396048751092462      -0.22875544384490906     
 -0.80352604328413679      -0.19565555773212220     
 -0.81973104463315483      -0.16205001349017989     
 -0.83253170550186872      -0.12800660868713865     
 -0.84189026694474944       -9.3585614428806890E-002
 -0.84777454031267452       -5.8842733679250733E-002
 -0.85015775977672547       -2.3832194640509632E-002
 -0.84901874834349644        1.1390114332290063E-002
 -0.84434239267407518        4.6763556694212796E-002
 -0.83612041351213529        8.2219791619398602E-002
 -0.82435241015950089       0.11768003352634399     
 -0.80904714903485575       0.15305261124645117     
 -0.79022405779494609       0.18823091239909637     
 -0.76791487776265754       0.22309180032288509     
 -0.74216541859350016       0.25749459169157346     
 -0.71303735047493144       0.29128068118568740     
 -0.68060996111555716       0.32427389359374331     
 -0.64498179794049926       0.35628163175057959     
 -0.60627211101673817       0.38709686923761055     
 -0.56462201014952740       0.41650100867210771     
 -0.52019525121423360       0.44426758935293786     
 -0.47317857294259591       0.47016678271637719     
 -0.42378151669321668       0.49397056249379234     
 -0.37223567848622957       0.51545838206987105     
 -0.31879336458113794       0.53442313905091643     
 -0.26372564836408513       0.55067716217052809     
 -0.20731985592061530       0.56405792443469815     
 -0.14987653848127355       0.57443317439341746     
  -9.1706019608244205E-002  0.58170518873029353     
  -3.3124631031224046E-002  0.58581388577020155     
   2.5549228955201474E-002  0.58673859986425514     
   8.3999068620624132E-002  0.58449839665422654     
  0.14191415881277780       0.57915090192153673     
  0.19899313013090369       0.57078971318125893     
  0.25494718551505002       0.55954055384146328     
  0.30950282609562912       0.54555640580579101     
  0.36240401719878523       0.52901191103156120     
  0.41341375337899722       0.51009736180211951     
  0.46231501363602073       0.48901260257023516     
  0.50891112817877060       0.46596114542749878     
  0.55302560429514758       0.44114476116376977     
  0.59450147975049916       0.41475875455351602     
  0.63320028699496744       0.38698807244468270     
  0.66900072024497859       0.35800433250011188     
  0.70179710064891265       0.32796380403934078     
  0.73149773303821886       0.29700632389306214     
  0.75802324219062112       0.26525509152402310     
  0.78130496814004791       0.23281725949426749     
  0.80128348985455455       0.19978521714506633     
  0.81790733543260430       0.16623845578049704     
  0.83113192552485082       0.13224590092246519     
  0.84091878546240684        9.7868599375560625E-002
  0.84723505086248718        6.3162654000803120E-002
  0.85005328141832281        2.8182305558356189E-002
  0.84935158815469769       -7.0169326362513884E-003
  0.84511407053454202       -4.2375176201556432E-002
  0.83733155126440928       -7.7825192701327608E-002
  0.82600258827255790      -0.11328962991851406     
  0.81113473494300370      -0.14867853329554226     
  0.79274601115519328      -0.18388723787810429     
  0.77086653896349111      -0.21879472191702176     
  0.74554028793703209      -0.25326251026459068     
  0.71682686650216532      -0.28713421434866715     
  0.68480328748907093      -0.32023579013094400     
  0.64956562905717097      -0.35237658431900021     
  0.61123050699499581      -0.38335122062175186     
  0.56993627191053342      -0.41294235084462333     
  0.52584384594482070      -0.44092425965712706     
  0.47913711919546237      -0.46706726749358335     
  0.43002283668513241      -0.49114282510329982     
  0.37872992278595485      -0.51292913899177561     
  0.32550821138847952      -0.53221711397475358     
  0.27062657609710489      -0.54881635291374609     
  0.21437048405070408      -0.56256092046400819     
  0.15703902774974141      -0.57331456300962680     
   9.8941519227307276E-002 -0.58097508522434127     
   4.0393757527885175E-002 -0.58547761699422096     
  -1.8285898672095117E-002 -0.58679656199980290     
  -7.6780508391200417E-002 -0.58494609719105295     
 -0.13477842678909305      -0.57997918397892623     
