   2.9999999999999999E-002  -6.9086336767303305     
   5.9999999999999998E-002  -6.9103788474334182     
   8.9999999999999997E-002  -6.9129808352626076     
  0.12000000000000000       -6.9164312778708839     
  0.14999999999999999       -6.9207233431575803     
  0.17999999999999999       -6.9258516773881640     
  0.20999999999999999       -6.9318123639558102     
  0.23999999999999999       -6.9386028922304552     
  0.27000000000000002       -6.9462221360873695     
  0.29999999999999999       -6.9546703418433129     
  0.32999999999999996       -6.9639491254569936     
  0.35999999999999999       -6.9740614789776147     
  0.39000000000000001       -6.9850117863506211     
  0.41999999999999998       -6.9968058488193350     
  0.44999999999999996       -7.0094509202968451     
  0.47999999999999998       -7.0229557532273157     
  0.51000000000000001       -7.0373306556150146     
  0.54000000000000004       -7.0525875600768977     
  0.56999999999999995       -7.0687401059734682     
  0.59999999999999998       -7.0858037359028980     
  0.63000000000000000       -7.1037958081074963     
  0.65999999999999992       -7.1227357266529214     
  0.68999999999999995       -7.1426450916057611     
  0.71999999999999997       -7.1635478718707963     
  0.75000000000000000       -7.1854706038693754     
  0.78000000000000003       -7.2084426198681770     
  0.80999999999999994       -7.2324963105289068     
  0.83999999999999997       -7.2576674271770578     
  0.87000000000000000       -7.2839954304280097     
  0.89999999999999991       -7.3115238932158633     
  0.92999999999999994       -7.3403009680203768     
  0.95999999999999996       -7.3703799302765072     
  0.98999999999999999       -7.4018198127078261     
   1.0200000000000000       -7.4346861488264251     
   1.0500000000000000       -7.4690518483117634     
   1.0800000000000001       -7.5049982327495055     
   1.1099999999999999       -7.5426162676989472     
   1.1399999999999999       -7.5820080368848686     
   1.1699999999999999       -7.6232885173157534     
   1.2000000000000000       -7.6665877315338431     
   1.2300000000000000       -7.7120533767457502     
   1.2600000000000000       -7.7598540628130124     
   1.2900000000000000       -7.8101833357952772     
   1.3199999999999998       -7.8632647266288078     
   1.3499999999999999       -7.9193581543827998     
   1.3799999999999999       -7.9787681440828440     
   1.4099999999999999       -8.0418545123345151     
   1.4399999999999999       -8.1090464659460366     
   1.4700000000000000       -8.1808615100904110     
   1.5000000000000000       -8.2579312783335173     
   1.5300000000000000       -8.3410375652909980     
   1.5600000000000001       -8.4311638136125442     
   1.5899999999999999       -8.5295707592572878     
   1.6199999999999999       -8.6379112561736910     
   1.6499999999999999       -8.7584114709926304     
   1.6799999999999999       -8.8941705680319014     
   1.7100000000000000       -9.0496860487479918     
   1.7400000000000000       -9.2318453912099123     
   1.7700000000000000       -9.4519901162122526     
   1.7999999999999998       -9.7308388710148144     
   1.8299999999999998       -10.112917806190600     
   1.8599999999999999       -10.727468298953204     
   1.8899999999999999       -12.540575239309286     
   1.9199999999999999       -11.141050681782328     
   1.9500000000000000       -10.340274391343106     
   1.9800000000000000       -9.9071818957497122     
   2.0099999999999998       -9.6104158530948069     
   2.0400000000000000       -9.3855032553647000     
   2.0699999999999998       -9.2051123908329853     
   2.1000000000000001       -9.0550703372359767     
   2.1299999999999999       -8.9270716493828832     
   2.1600000000000001       -8.8158278801151635     
   2.1899999999999999       -8.7177620356247623     
   2.2199999999999998       -8.6303407342431058     
   2.2500000000000000       -8.5517033285683599     
   2.2799999999999998       -8.4804423958475432     
   2.3100000000000001       -8.4154670254975308     
   2.3399999999999999       -8.3559140426627874     
   2.3700000000000001       -8.3010883139000065     
   2.3999999999999999       -8.2504214028854204     
   2.4299999999999997       -8.2034421981439571     
   2.4600000000000000       -8.1597555801621251     
   2.4899999999999998       -8.1190266245351417     
   2.5200000000000000       -8.0809687025842134     
   2.5499999999999998       -8.0453343802631281     
   2.5800000000000001       -8.0119083616932887     
   2.6099999999999999       -7.9805019503947046     
   2.6399999999999997       -7.9509486532339073     
   2.6699999999999999       -7.9231006559810098     
   2.6999999999999997       -7.8968259715769245     
   2.7300000000000000       -7.8720061132647601     
   2.7599999999999998       -7.8485341813193275     
   2.7900000000000000       -7.8263132787174658     
   2.8199999999999998       -7.8052551906467977     
   2.8500000000000001       -7.7852792773205195     
   2.8799999999999999       -7.7663115405049288     
   2.9099999999999997       -7.7482838325040868     
   2.9399999999999999       -7.7311331827043412     
   2.9699999999999998       -7.7148012217223672     
   3.0000000000000000       -7.6992336870406834     
   3.0299999999999998       -7.6843799970361406     
   3.0600000000000001       -7.6701928826872070     
   3.0899999999999999       -7.6566280681545527     
   3.1200000000000001       -7.6436439929517137     
   3.1499999999999999       -7.6312015696429070     
   3.1799999999999997       -7.6192639720141315     
   3.2100000000000000       -7.6077964494630024     
   3.2399999999999998       -7.5967661640264028     
   3.2700000000000000       -7.5861420470061356     
   3.2999999999999998       -7.5758946726141616     
   3.3300000000000001       -7.5659961464250980     
   3.3599999999999999       -7.5564200067459666     
   3.3899999999999997       -7.5471411372770234     
   3.4199999999999999       -7.5381356896518898     
   3.4499999999999997       -7.5293810146377904     
   3.4800000000000000       -7.5208556009423937     
   3.5099999999999998       -7.5125390206897444     
   3.5400000000000000       -7.5044118807719515     
   3.5699999999999998       -7.4964557793529689     
   3.5999999999999996       -7.4886532669120580     
   3.6299999999999999       -7.4809878112718335     
   3.6599999999999997       -7.4734437661322453     
   3.6899999999999999       -7.4660063426782557     
   3.7199999999999998       -7.4586615838866708     
   3.7500000000000000       -7.4513963411980031     
   3.7799999999999998       -7.4441982532572553     
   3.8100000000000001       -7.4370557264637327     
   3.8399999999999999       -7.4299579170994612     
   3.8699999999999997       -7.4228947148337445     
   3.8999999999999999       -7.4158567274240275     
   3.9299999999999997       -7.4088352664631074     
   3.9600000000000000       -7.4018223340282479     
   3.9899999999999998       -7.3948106101240176     
   4.0199999999999996       -7.3877934408129926     
   4.0499999999999998       -7.3807648269485773     
   4.0800000000000001       -7.3737194134405488     
   4.1099999999999994       -7.3666524789921048     
   4.1399999999999997       -7.3595599262607818     
   4.1699999999999999       -7.3524382724054638     
   4.2000000000000002       -7.3452846399886136     
   4.2299999999999995       -7.3380967482146531     
   4.2599999999999998       -7.3308729044911827     
   4.2900000000000000       -7.3236119963040256     
   4.3200000000000003       -7.3163134834062005     
   4.3499999999999996       -7.3089773903215693     
   4.3799999999999999       -7.3016042991711405     
   4.4100000000000001       -7.2941953428293820     
   4.4399999999999995       -7.2867521984255976     
   4.4699999999999998       -7.2792770811976411     
   4.5000000000000000       -7.2717727387186715     
   4.5300000000000002       -7.2642424455006900     
   4.5599999999999996       -7.2566899979973734     
   4.5899999999999999       -7.2491197100076326     
   4.6200000000000001       -7.2415364084933920     
   4.6499999999999995       -7.2339454298134687     
   4.6799999999999997       -7.2263526163768157     
   4.7100000000000000       -7.2187643137093369     
   4.7400000000000002       -7.2111873679267839     
   4.7699999999999996       -7.2036291235987715     
   4.7999999999999998       -7.1960974219833318     
   4.8300000000000001       -7.1886005996030917     
   4.8599999999999994       -7.1811474871286052     
   4.8899999999999997       -7.1737474085249389     
   4.9199999999999999       -7.1664101804080476     
   4.9500000000000002       -7.1591461115521646     
   4.9799999999999995       -7.1519660024789751     
   5.0099999999999998       -7.1448811450441267     
   5.0400000000000000       -7.1379033219388486     
   5.0699999999999994       -7.1310448060032146     
   5.0999999999999996       -7.1243183592449144     
   5.1299999999999999       -7.1177372314464087     
   5.1600000000000001       -7.1113151582339329     
   5.1899999999999995       -7.1050663584745886     
   5.2199999999999998       -7.0990055308577107     
   5.2500000000000000       -7.0931478495141205     
   5.2799999999999994       -7.0875089585176694     
   5.3099999999999996       -7.0821049651115278     
   5.3399999999999999       -7.0769524314990155     
   5.3700000000000001       -7.0720683650369800     
   5.3999999999999995       -7.0674702066755026     
   5.4299999999999997       -7.0631758174874522     
   5.4600000000000000       -7.0592034631427030     
   5.4900000000000002       -7.0555717961878877     
   5.5199999999999996       -7.0522998360139812     
   5.5499999999999998       -7.0494069464021569     
   5.5800000000000001       -7.0469128105675676     
   5.6099999999999994       -7.0448374036417061     
   5.6399999999999997       -7.0432009625642733     
   5.6699999999999999       -7.0420239533909612     
   5.7000000000000002       -7.0413270360587248     
   5.7299999999999995       -7.0411310266933080     
   5.7599999999999998       -7.0414568575872671     
   5.7900000000000000       -7.0423255350284588     
   5.8199999999999994       -7.0437580952054724     
   5.8499999999999996       -7.0457755584743209     
   5.8799999999999999       -7.0483988823234176     
   5.9100000000000001       -7.0516489134296334     
   5.9399999999999995       -7.0555463392543061     
   5.9699999999999998       -7.0601116396816126     
   6.0000000000000000       -7.0653650392548313     
   6.0299999999999994       -7.0713264606139017     
   6.0599999999999996       -7.0780154797834252     
   6.0899999999999999       -7.0854512839998964     
   6.1200000000000001       -7.0936526328004286     
   6.1499999999999995       -7.1026378231232234     
   6.1799999999999997       -7.1124246591915279     
   6.2100000000000000       -7.1230304279650616     
   6.2400000000000002       -7.1344718809501595     
   6.2699999999999996       -7.1467652231611032     
   6.2999999999999998       -7.1599261100179534     
   6.3300000000000001       -7.1739696529575658     
   6.3599999999999994       -7.1889104345210804     
   6.3899999999999997       -7.2047625336671297     
   6.4199999999999999       -7.2215395620480054     
   6.4500000000000002       -7.2392547119774617     
   6.4799999999999995       -7.2579208168184284     
   6.5099999999999998       -7.2775504245292888     
   6.5400000000000000       -7.2981558851335286     
   6.5699999999999994       -7.3197494529225722     
   6.5999999999999996       -7.3423434042743683     
   6.6299999999999999       -7.3659501720692546     
   6.6600000000000001       -7.3905824978280918     
   6.6899999999999995       -7.4162536028795349     
   6.7199999999999998       -7.4429773801046553     
   6.7500000000000000       -7.4707686081112197     
   6.7799999999999994       -7.4996431900739848     
   6.8099999999999996       -7.5296184199520724     
   6.8399999999999999       -7.5607132793904253     
   6.8700000000000001       -7.5929487693392810     
   6.8999999999999995       -7.6263482813307402     
   6.9299999999999997       -7.6609380144678418     
   6.9600000000000000       -7.6967474455626252     
   6.9899999999999993       -7.7338098615816451     
   7.0199999999999996       -7.7721629657051583     
   7.0499999999999998       -7.8118495710125080     
   7.0800000000000001       -7.8529183992226343     
   7.1099999999999994       -7.8954250062817959     
   7.1399999999999997       -7.9394328621912376     
   7.1699999999999999       -7.9850146197383784     
   7.1999999999999993       -8.0322536162769591     
   7.2299999999999995       -8.0812456652677493     
   7.2599999999999998       -8.1321012110253950     
   7.2900000000000000       -8.1849479427354641     
   7.3199999999999994       -8.2399339946741286     
   7.3499999999999996       -8.2972319023351364     
   7.3799999999999999       -8.3570435441511748     
   7.4100000000000001       -8.4196063840263040     
   7.4399999999999995       -8.4852014538579201     
   7.4699999999999998       -8.5541636981939195     
   7.5000000000000000       -8.6268955788059092     
   7.5299999999999994       -8.7038852616988525     
   7.5599999999999996       -8.7857313801155836     
   7.5899999999999999       -8.8731774580424378     
   7.6200000000000001       -8.9671609101978067     
   7.6499999999999995       -9.0688847249681093     
   7.6799999999999997       -9.1799257378940169     
   7.7100000000000000       -9.3024044947216407     
   7.7399999999999993       -9.4392642188300453     
   7.7699999999999996       -9.5947555591769547     
   7.7999999999999998       -9.7753413347463880     
   7.8300000000000001       -9.9915513738523707     
   7.8599999999999994       -10.262311588444302     
   7.8899999999999997       -10.627204930308041     
   7.9199999999999999       -11.194890119588665     
   7.9499999999999993       -12.589627094894459     
   7.9799999999999995       -11.902614510484391     
   8.0099999999999998       -10.993876941650374     
   8.0399999999999991       -10.530966642678001     
   8.0700000000000003       -10.219306724467687     
   8.0999999999999996       -9.9846544137232307     
   8.1299999999999990       -9.7967230547901707     
   8.1600000000000001       -9.6401390394474067     
   8.1899999999999995       -9.5060167890423344     
   8.2199999999999989       -9.3887534892833830     
   8.2500000000000000       -9.2845874652733613     
   8.2799999999999994       -9.1908703291298099     
   8.3100000000000005       -9.1056667776327451     
   8.3399999999999999       -9.0275195747454084     
   8.3699999999999992       -8.9553041049108320     
   8.4000000000000004       -8.8881344171078887     
   8.4299999999999997       -8.8253003235651342     
   8.4599999999999991       -8.7662239952133483     
   8.4900000000000002       -8.7104292225772948     
   8.5199999999999996       -8.6575191498329556     
   8.5499999999999989       -8.6071598241977298     
   8.5800000000000001       -8.5590678273194243     
   8.6099999999999994       -8.5130008295607418     
   8.6400000000000006       -8.4687502747233054     
   8.6699999999999999       -8.4261356425526994     
   8.6999999999999993       -8.3849998967083863     
   8.7300000000000004       -8.3452058351071852     
   8.7599999999999998       -8.3066331354121026     
   8.7899999999999991       -8.2691759418728985     
   8.8200000000000003       -8.2327408780185696     
   8.8499999999999996       -8.1972453974467854     
   8.8799999999999990       -8.1626164053418027     
   8.9100000000000001       -8.1287890985133782     
   8.9399999999999995       -8.0957059831213520     
   8.9699999999999989       -8.0633160378761257     
   9.0000000000000000       -8.0315739971358298     
   9.0299999999999994       -8.0004397333958348     
   9.0600000000000005       -7.9698777226535835     
   9.0899999999999999       -7.9398565792556486     
   9.1199999999999992       -7.9103486492718638     
   9.1500000000000004       -7.8813296534241335     
   9.1799999999999997       -7.8527783721506461     
   9.2099999999999991       -7.8246763666419969     
   9.2400000000000002       -7.7970077307343324     
   9.2699999999999996       -7.7697588693399684     
   9.2999999999999989       -7.7429182997994435     
   9.3300000000000001       -7.7164764730957254     
   9.3599999999999994       -7.6904256123343719     
   9.3899999999999988       -7.6647595662622159     
   9.4199999999999999       -7.6394736759425301     
   9.4499999999999993       -7.6145646529570703     
   9.4800000000000004       -7.5900304677282575     
   9.5099999999999998       -7.5658702467599248     
   9.5399999999999991       -7.5420841777521996     
   9.5700000000000003       -7.5186734216771134     
   9.5999999999999996       -7.4956400310239442     
   9.6299999999999990       -7.4729868735445280     
   9.6600000000000001       -7.4507175608924729     
   9.6899999999999995       -7.4288363816332721     
   9.7199999999999989       -7.4073482381937721     
   9.7500000000000000       -7.3862585873434696     
   9.7799999999999994       -7.3655733838959270     
   9.8100000000000005       -7.3452990273158116     
   9.8399999999999999       -7.3254423110097386     
   9.8699999999999992       -7.3060103740924358     
   9.9000000000000004       -7.2870106554449929     
   9.9299999999999997       -7.2684508499359133     
   9.9599999999999991       -7.2503388666993711     
   9.9900000000000002       -7.2326827893750529     
   10.020000000000000       -7.2154908382504042     
   10.049999999999999       -7.1987713342691952     
   10.080000000000000       -7.1825326648806165     
   10.109999999999999       -7.1667832517216103     
   10.139999999999999       -7.1515315201446468     
   10.170000000000000       -7.1367858706119423     
   10.199999999999999       -7.1225546519822096     
   10.230000000000000       -7.1088461367395208     
   10.260000000000000       -7.0956684981930520     
   10.289999999999999       -7.0830297897284193     
   10.320000000000000       -7.0709379261298970     
   10.350000000000000       -7.0594006670541027     
   10.379999999999999       -7.0484256027066481     
   10.410000000000000       -7.0380201417571504     
   10.440000000000000       -7.0281915015637919     
   10.469999999999999       -7.0189467007436637     
   10.500000000000000       -7.0102925541201735     
   10.529999999999999       -7.0022356700942519     
   10.559999999999999       -6.9947824504506757     
   10.590000000000000       -6.9879390926285216     
   10.619999999999999       -6.9817115944547190     
   10.650000000000000       -6.9761057613446606     
   10.680000000000000       -6.9711272159645228     
   10.709999999999999       -6.9667814103313708     
   10.740000000000000       -6.9630736403418885     
   10.770000000000000       -6.9600090626859155     
   10.799999999999999       -6.9575927141213914     
   10.830000000000000       -6.9558295330704212     
   10.859999999999999       -6.9547243834896397     
   10.889999999999999       -6.9542820809880110     
   10.920000000000000       -6.9545074211417042     
   10.949999999999999       -6.9554052099775214     
   10.980000000000000       -6.9569802965972078     
   11.010000000000000       -6.9592376079167222     
   11.039999999999999       -6.9621821855207724     
   11.070000000000000       -6.9658192246367783     
   11.100000000000000       -6.9701541152480679     
   11.129999999999999       -6.9751924854002594     
   11.160000000000000       -6.9809402467626160     
   11.190000000000000       -6.9874036425566910     
   11.219999999999999       -6.9945892979677033     
   11.250000000000000       -7.0025042732243445     
   11.279999999999999       -7.0111561195564285     
   11.309999999999999       -7.0205529382918161     
   11.340000000000000       -7.0307034434205455     
   11.369999999999999       -7.0416170280040333     
   11.400000000000000       -7.0533038348863908     
   11.430000000000000       -7.0657748322547347     
   11.459999999999999       -7.0790418946934066     
   11.490000000000000       -7.0931178904560115     
   11.520000000000000       -7.1080167758623096     
   11.549999999999999       -7.1237536978218730     
   11.580000000000000       -7.1403451056929965     
   11.609999999999999       -7.1578088738726011     
   11.639999999999999       -7.1761644367526456     
   11.670000000000000       -7.1954329379678121     
   11.699999999999999       -7.2156373961813633     
   11.730000000000000       -7.2368028900577102     
   11.760000000000000       -7.2589567655621083     
   11.789999999999999       -7.2821288692826061     
   11.820000000000000       -7.3063518121847988     
   11.850000000000000       -7.3316612690622289     
   11.879999999999999       -7.3580963199727307     
   11.910000000000000       -7.3856998412783970     
   11.940000000000000       -7.4145189554602693     
   11.969999999999999       -7.4446055509133240     
   12.000000000000000       -7.4760168854157802     
   12.029999999999999       -7.5088162901505919     
   12.059999999999999       -7.5430739952200332     
   12.090000000000000       -7.5788681027560436     
   12.119999999999999       -7.6162857405071280     
   12.150000000000000       -7.6554244375884100     
   12.180000000000000       -7.6963937756544052     
   12.209999999999999       -7.7393173842687446     
   12.240000000000000       -7.7843353700755822     
   12.270000000000000       -7.8316072977533402     
   12.299999999999999       -7.8813158799458813     
   12.330000000000000       -7.9336715881349669     
   12.359999999999999       -7.9889184742464892     
   12.389999999999999       -8.0473416050316438     
   12.420000000000000       -8.1092766762055639     
   12.449999999999999       -8.1751226203792449     
   12.480000000000000       -8.2453584012358228     
   12.510000000000000       -8.3205657802165849     
   12.539999999999999       -8.4014607997544193     
   12.570000000000000       -8.4889383210524709     
   12.600000000000000       -8.5841367028266671     
   12.629999999999999       -8.6885346459981783     
   12.660000000000000       -8.8041015404996852     
   12.690000000000000       -8.9335412377365948     
   12.719999999999999       -9.0807089307138664     
   12.750000000000000       -9.2513734548265347     
   12.779999999999999       -9.4547379940028762     
   12.809999999999999       -9.7068551183223608     
   12.840000000000000       -10.039740085390699     
   12.869999999999999       -10.533635715151469     
   12.900000000000000       -11.527326693907817     
   12.930000000000000       -11.918378997198635     
   12.959999999999999       -10.682706943678619     
   12.990000000000000       -10.153219748075266     
   13.020000000000000       -9.8136973648266022     
   13.049999999999999       -9.5645506162726637     
   13.080000000000000       -9.3684951169909620     
   13.109999999999999       -9.2074483036418737     
   13.139999999999999       -9.0712555901520417     
   13.170000000000000       -8.9536406888449296     
   13.199999999999999       -8.8504512498176506     
   13.229999999999999       -8.7587964691759286     
   13.260000000000000       -8.6765823582988411     
   13.289999999999999       -8.6022430996257118     
   13.320000000000000       -8.5345768894432847     
   13.350000000000000       -8.4726410029759816     
   13.379999999999999       -8.4156821617821755     
   13.410000000000000       -8.3630888473976732     
   13.440000000000000       -8.3143577523985854     
   13.469999999999999       -8.2690696209070289     
   13.500000000000000       -8.2268714926803703     
   13.529999999999999       -8.1874634171492993     
   13.559999999999999       -8.1505883524195273     
   13.590000000000000       -8.1160243755420876     
   13.619999999999999       -8.0835785978149435     
   13.650000000000000       -8.0530823565639960     
   13.680000000000000       -8.0243873755361097     
   13.709999999999999       -7.9973626692329605     
   13.740000000000000       -7.9718920250969987     
   13.770000000000000       -7.9478719391190795     
   13.799999999999999       -7.9252099106177960     
   13.830000000000000       -7.9038230240033789     
   13.859999999999999       -7.8836367617135172     
   13.889999999999999       -7.8645840047547466     
   13.920000000000000       -7.8466041865455347     
   13.949999999999999       -7.8296425728772299     
   13.979999999999999       -7.8136496462053842     
   14.010000000000000       -7.7985805768052225     
   14.039999999999999       -7.7843947665538424     
   14.070000000000000       -7.7710554538146210     
   14.100000000000000       -7.7585293699187066     
   14.129999999999999       -7.7467864394059882     
   14.160000000000000       -7.7357995175620928     
   14.190000000000000       -7.7255441598407826     
   14.219999999999999       -7.7159984186391011     
   14.250000000000000       -7.7071426636279208     
   14.279999999999999       -7.6989594224282696     
   14.309999999999999       -7.6914332389027287     
   14.340000000000000       -7.6845505467479898     
   14.369999999999999       -7.6782995564146574     
   14.399999999999999       -7.6726701536374842     
   14.430000000000000       -7.6676538081415408     
   14.459999999999999       -7.6632434912558560     
   14.490000000000000       -7.6594336013523989     
   14.520000000000000       -7.6562198961587198     
   14.549999999999999       -7.6535994311697140     
   14.580000000000000       -7.6515705034076715     
   14.609999999999999       -7.6501325999715561     
   14.639999999999999       -7.6492863508111402     
   14.670000000000000       -7.6490334853297943     
   14.699999999999999       -7.6493767923919895     
   14.729999999999999       -7.6503200834467879     
   14.760000000000000       -7.6518681585071224     
   14.789999999999999       -7.6540267747769395     
   14.820000000000000       -7.6568026177842308     
   14.850000000000000       -7.6602032749085964     
   14.879999999999999       -7.6642372112556947     
   14.910000000000000       -7.6689137478940594     
   14.940000000000000       -7.6742430424710824     
   14.969999999999999       -7.6802360723414163     
   15.000000000000000       -7.6869046203347384     
   15.029999999999999       -7.6942612634007874     
   15.059999999999999       -7.7023193643655485     
   15.090000000000000       -7.7110930671623095     
   15.119999999999999       -7.7205972959155034     
   15.149999999999999       -7.7308477583660205     
   15.180000000000000       -7.7418609541709573     
   15.209999999999999       -7.7536541887346120     
   15.240000000000000       -7.7662455933010026     
   15.270000000000000       -7.7796541521548574     
   15.299999999999999       -7.7938997378885437     
   15.330000000000000       -7.8090031558585915     
   15.359999999999999       -7.8249861990755774     
   15.389999999999999       -7.8418717149835953     
   15.420000000000000       -7.8596836857678918     
   15.449999999999999       -7.8784473241081541     
   15.479999999999999       -7.8981891865470946     
   15.510000000000000       -7.9189373070031648     
   15.539999999999999       -7.9407213533809440     
   15.570000000000000       -7.9635728106908568     
   15.600000000000000       -7.9875251947045820     
   15.629999999999999       -8.0126143008880835     
   15.660000000000000       -8.0388784942427645     
   15.690000000000000       -8.0663590467575492     
   15.719999999999999       -8.0951005305519494     
   15.750000000000000       -8.1251512764341900     
   15.779999999999999       -8.1565639097566791     
   15.809999999999999       -8.1893959780152432     
   15.840000000000000       -8.2237106881501827     
   15.869999999999999       -8.2595777757257665     
   15.899999999999999       -8.2970745337660983     
   15.930000000000000       -8.3362870363173069     
   15.959999999999999       -8.3773116012689570     
   15.990000000000000       -8.4202565495703485     
   16.020000000000000       -8.4652443348180757     
   16.050000000000001       -8.5124141399157160     
   16.079999999999998       -8.5619250686635180     
   16.109999999999999       -8.6139601031937101     
   16.140000000000001       -8.6687310587556912     
   16.169999999999998       -8.7264848537265109     
   16.199999999999999       -8.7875115379551616     
   16.230000000000000       -8.8521547075839990     
   16.259999999999998       -8.9208252133625816     
   16.289999999999999       -8.9940194995427305     
   16.320000000000000       -9.0723445904128024     
   16.349999999999998       -9.1565528478297971     
   16.379999999999999       -9.2475914823820453     
   16.410000000000000       -9.3466750430819641     
   16.439999999999998       -9.4553950136251057     
   16.469999999999999       -9.5758919468397430     
   16.500000000000000       -9.7111385578186997     
   16.530000000000001       -9.8654325047308049     
   16.559999999999999       -10.045318213552115     
   16.590000000000000       -10.261482507874698     
   16.620000000000001       -10.533198188934119     
   16.649999999999999       -10.900995732415760     
   16.680000000000000       -11.477361264894091     
   16.710000000000001       -12.938452274688153     
   16.739999999999998       -12.122591424124192     
   16.770000000000000       -11.238603550211820     
   16.800000000000001       -10.782443198674420     
   16.829999999999998       -10.474398729530577     
   16.859999999999999       -10.242384316001218     
   16.890000000000001       -10.056746926824996     
   16.919999999999998       -9.9023629985114017     
   16.949999999999999       -9.7704628465221433     
   16.980000000000000       -9.6555024410202908     
   17.009999999999998       -9.5537510846233342     
   17.039999999999999       -9.4625764109820327     
   17.070000000000000       -9.3800504405530294     
   17.099999999999998       -9.3047178679912292     
   17.129999999999999       -9.2354524778366027     
   17.160000000000000       -9.1713642966477380     
   17.189999999999998       -9.1117373819029339     
   17.219999999999999       -9.0559868653171023     
   17.250000000000000       -9.0036285151250013     
   17.280000000000001       -8.9542566799992152     
   17.309999999999999       -8.9075279890828227     
   17.340000000000000       -8.8631490951185530     
   17.370000000000001       -8.8208673138523412     
   17.399999999999999       -8.7804633754441443     
   17.430000000000000       -8.7417457406407362     
   17.460000000000001       -8.7045460929783722     
   17.489999999999998       -8.6687157263360994     
   17.520000000000000       -8.6341226224047727     
   17.550000000000001       -8.6006490654533181     
   17.579999999999998       -8.5681896797414456     
   17.609999999999999       -8.5366498024752797     
   17.640000000000001       -8.5059441253331070     
   17.669999999999998       -8.4759955527089605     
   17.699999999999999       -8.4467342361342510     
   17.730000000000000       -8.4180967527548010     
   17.759999999999998       -8.3900254025039604     
   17.789999999999999       -8.3624676035476284     
   17.820000000000000       -8.3353753695944643     
   17.849999999999998       -8.3087048557312411     
   17.879999999999999       -8.2824159618831974     
   17.910000000000000       -8.2564719850517374     
   17.939999999999998       -8.2308393129238517     
   17.969999999999999       -8.2054871527299671     
   18.000000000000000       -8.1803872903551262     
   18.029999999999998       -8.1555138753893797     
   18.059999999999999       -8.1308432285467767     
   18.090000000000000       -8.1063536685692892     
   18.120000000000001       -8.0820253559267705     
   18.149999999999999       -8.0578401512617237     
   18.180000000000000       -8.0337814867152737     
   18.210000000000001       -8.0098342485770964     
   18.239999999999998       -7.9859846699105637     
   18.270000000000000       -7.9622202320470885     
   18.300000000000001       -7.9385295738913078     
   18.329999999999998       -7.9149024082484845     
   18.359999999999999       -7.8913294444082576     
   18.390000000000001       -7.8678023163585635     
   18.419999999999998       -7.8443135160525674     
   18.449999999999999       -7.8208563312703845     
   18.480000000000000       -7.7974247876299829     
   18.509999999999998       -7.7740135944079913     
   18.539999999999999       -7.7506180937830003     
   18.570000000000000       -7.7272342133039702     
   18.599999999999998       -7.7038584212412884     
   18.629999999999999       -7.6804876846638210     
   18.660000000000000       -7.6571194299729699     
   18.689999999999998       -7.6337515057969361     
   18.719999999999999       -7.6103821480149962     
   18.750000000000000       -7.5870099468034411     
   18.779999999999998       -7.5636338155672114     
   18.809999999999999       -7.5402529616331861     
   18.840000000000000       -7.5168668585915004     
   18.870000000000001       -7.4934752202252124     
   18.899999999999999       -7.4700779758874365     
   18.930000000000000       -7.4466752472821387     
   18.960000000000001       -7.4232673265582356     
   18.989999999999998       -7.3998546556506453     
   19.020000000000000       -7.3764378068046295     
   19.050000000000001       -7.3530174642250730     
   19.079999999999998       -7.3295944067914762     
   19.109999999999999       -7.3061694918002704     
   19.140000000000001       -7.2827436396612484     
   19.169999999999998       -7.2593178195357577     
   19.199999999999999       -7.2358930358545779     
   19.230000000000000       -7.2124703156787096     
   19.259999999999998       -7.1890506968728651     
   19.289999999999999       -7.1656352170621442     
   19.320000000000000       -7.1422249033251148     
   19.349999999999998       -7.1188207626133240     
   19.379999999999999       -7.0954237728526106     
   19.410000000000000       -7.0720348747187574     
   19.439999999999998       -7.0486549640547373     
   19.469999999999999       -7.0252848848964922     
   19.500000000000000       -7.0019254231288244     
   19.529999999999998       -6.9785773006935932     
   19.559999999999999       -6.9552411703921857     
   19.590000000000000       -6.9319176112237981     
   19.620000000000001       -6.9086071242838969     
   19.649999999999999       -6.8853101291713115     
   19.680000000000000       -6.8620269609305842     
   19.710000000000001       -6.8387578674995115     
   19.739999999999998       -6.8155030076573722     
   19.770000000000000       -6.7922624494771870     
   19.800000000000001       -6.7690361692651608     
   19.829999999999998       -6.7458240509872418     
   19.859999999999999       -6.7226258861873180     
   19.890000000000001       -6.6994413743860575     
   19.919999999999998       -6.6762701239677940     
   19.949999999999999       -6.6531116535524637     
   19.980000000000000       -6.6299653938543894     
   20.009999999999998       -6.6068306900305318     
   20.039999999999999       -6.5837068045300633     
   20.070000000000000       -6.5605929204338871     
   20.099999999999998       -6.5374881453136720     
   20.129999999999999       -6.5143915155919663     
   20.160000000000000       -6.4913020014288998     
   20.189999999999998       -6.4682185121395896     
   20.219999999999999       -6.4451399021484743     
   20.250000000000000       -6.4220649774953618     
   20.279999999999998       -6.3989925028969310     
   20.309999999999999       -6.3759212093899853     
   20.340000000000000       -6.3528498025508240     
   20.370000000000001       -6.3297769713152867     
   20.399999999999999       -6.3067013974091362     
   20.430000000000000       -6.2836217654043107     
   20.460000000000001       -6.2605367734134845     
   20.489999999999998       -6.2374451444352239     
   20.520000000000000       -6.2143456383702613     
   20.550000000000001       -6.1912370647172486     
   20.579999999999998       -6.1681182959636631     
   20.609999999999999       -6.1449882816927683     
   20.640000000000001       -6.1218460634041527     
   20.669999999999998       -6.0986907900796430     
   20.699999999999999       -6.0755217344950516     
   20.730000000000000       -6.0523383102868680     
   20.759999999999998       -6.0291400897943905     
   20.789999999999999       -6.0059268226742448     
   20.820000000000000       -5.9826984552963163     
   20.849999999999998       -5.9594551509274218     
   20.879999999999999       -5.9361973107002752     
   20.910000000000000       -5.9129255953617070     
   20.939999999999998       -5.8896409478013920     
   20.969999999999999       -5.8663446163393154     
   21.000000000000000       -5.8430381787658030     
   21.029999999999998       -5.8197235671022849     
   21.059999999999999       -5.7964030930619250     
   21.090000000000000       -5.7730794741648772     
   21.119999999999997       -5.7497558604690360     
   21.149999999999999       -5.7264358618604998     
   21.180000000000000       -5.7031235758338674     
   21.210000000000001       -5.6798236156878428     
   21.239999999999998       -5.6565411390454772     
   21.270000000000000       -5.6332818765903365     
   21.300000000000001       -5.6100521608970766     
   21.329999999999998       -5.5868589552185313     
   21.359999999999999       -5.5637098820658180     
   21.390000000000001       -5.5406132514048059     
   21.419999999999998       -5.5175780882635079     
   21.449999999999999       -5.4946141595218920     
   21.480000000000000       -5.4717319996349199     
   21.509999999999998       -5.4489429350019636     
   21.539999999999999       -5.4262591066826111     
   21.570000000000000       -5.4036934911112420     
   21.599999999999998       -5.3812599184519732     
   21.629999999999999       -5.3589730881897450     
   21.660000000000000       -5.3368485815355085     
   21.689999999999998       -5.3149028701879324     
   21.719999999999999       -5.2931533209725474     
   21.750000000000000       -5.2716181958552779     
   21.779999999999998       -5.2503166468014655     
   21.809999999999999       -5.2292687049518936     
   21.840000000000000       -5.2084952635618205     
   21.869999999999997       -5.1880180541653624     
   21.899999999999999       -5.1678596154251366     
   21.930000000000000       -5.1480432541559669     
   21.960000000000001       -5.1285929980399354     
   21.989999999999998       -5.1095335395993429     
   22.020000000000000       -5.0908901710551131     
   22.050000000000001       -5.0726887097760542     
   22.079999999999998       -5.0549554141242821     
   22.109999999999999       -5.0377168896114615     
   22.140000000000001       -5.0209999854121143     
   22.169999999999998       -5.0048316814316340     
   22.199999999999999       -4.9892389662849004     
   22.230000000000000       -4.9742487067225856     
   22.259999999999998       -4.9598875092282428     
   22.289999999999999       -4.9461815747019484     
   22.320000000000000       -4.9331565473453356     
   22.349999999999998       -4.9208373590536816     
   22.379999999999999       -4.9092480708067958     
   22.410000000000000       -4.8984117127179978     
   22.439999999999998       -4.8883501245489711     
   22.469999999999999       -4.8790837986166551     
   22.500000000000000       -4.8706317271012471     
   22.529999999999998       -4.8630112558104024     
   22.559999999999999       -4.8562379464532697     
   22.590000000000000       -4.8503254494294810     
   22.619999999999997       -4.8452853890411047     
   22.649999999999999       -4.8411272628886470     
   22.680000000000000       -4.8378583570180567     
   22.710000000000001       -4.8354836781482025     
   22.739999999999998       -4.8340059040333232     
   22.770000000000000       -4.8334253527114992     
   22.800000000000001       -4.8337399710622106     
   22.829999999999998       -4.8349453427598856     
   22.859999999999999       -4.8370347153713054     
   22.890000000000001       -4.8399990460158104     
   22.919999999999998       -4.8438270646935644     
   22.949999999999999       -4.8485053541088883     
   22.980000000000000       -4.8540184445651953     
   23.009999999999998       -4.8603489223031149     
   23.039999999999999       -4.8674775494968134     
   23.070000000000000       -4.8753833940106608     
   23.099999999999998       -4.8840439669582727     
   23.129999999999999       -4.8934353660934642     
   23.160000000000000       -4.9035324230946005     
   23.189999999999998       -4.9143088528755685     
   23.219999999999999       -4.9257374031680969     
   23.250000000000000       -4.9377900027553006     
   23.279999999999998       -4.9504379069013407     
   23.309999999999999       -4.9636518386977908     
   23.340000000000000       -4.9774021252365408     
   23.369999999999997       -4.9916588277131444     
   23.399999999999999       -5.0063918647543506     
   23.430000000000000       -5.0215711284525106     
   23.460000000000001       -5.0371665927605322     
   23.489999999999998       -5.0531484140719654     
   23.520000000000000       -5.0694870239506606     
   23.550000000000001       -5.0861532141126125     
   23.579999999999998       -5.1031182138728797     
   23.609999999999999       -5.1203537603664744     
   23.640000000000001       -5.1378321619331846     
   23.669999999999998       -5.1555263551137003     
   23.699999999999999       -5.1734099557529749     
   23.730000000000000       -5.1914573047367902     
   23.759999999999998       -5.2096435089040245     
   23.789999999999999       -5.2279444776842272     
   23.820000000000000       -5.2463369560032165     
   23.849999999999998       -5.2647985539883262     
   23.879999999999999       -5.2833077739826351     
   23.910000000000000       -5.3018440353490996     
   23.939999999999998       -5.3203876975167566     
   23.969999999999999       -5.3389200816809135     
   24.000000000000000       -5.3574234915364816     
   24.029999999999998       -5.3758812333757984     
   24.059999999999999       -5.3942776358489022     
   24.090000000000000       -5.4125980696369700     
   24.119999999999997       -5.4308289672482575     
   24.149999999999999       -5.4489578431114198     
   24.180000000000000       -5.4669733140905086     
   24.210000000000001       -5.4848651205202659     
   24.239999999999998       -5.5026241478140463     
   24.270000000000000       -5.5202424486689328     
   24.300000000000001       -5.5377132658569899     
   24.329999999999998       -5.5550310555654772     
   24.359999999999999       -5.5721915112202316     
   24.390000000000001       -5.5891915877012766     
   24.419999999999998       -5.6060295258417607     
   24.449999999999999       -5.6227048770786006     
   24.480000000000000       -5.6392185281112805     
   24.509999999999998       -5.6555727254104449     
   24.539999999999999       -5.6717710994047446     
   24.570000000000000       -5.6878186881758186     
   24.599999999999998       -5.7037219604735316     
   24.629999999999999       -5.7194888378751596     
   24.660000000000000       -5.7351287158996680     
   24.689999999999998       -5.7506524839035249     
   24.719999999999999       -5.7660725435815348     
   24.750000000000000       -5.7814028259086916     
   24.779999999999998       -5.7966588063707762     
   24.809999999999999       -5.8118575183441310     
   24.840000000000000       -5.8270175645056375     
   24.869999999999997       -5.8421591261736552     
   24.899999999999999       -5.8573039705078385     
   24.930000000000000       -5.8724754555271153     
   24.960000000000001       -5.8876985329373657     
   24.989999999999998       -5.9029997488128529     
   25.020000000000000       -5.9184072422142870     
   25.050000000000001       -5.9339507418918140     
   25.079999999999998       -5.9496615612924373     
   25.109999999999999       -5.9655725921643032     
   25.140000000000001       -5.9817182971541554     
   25.169999999999998       -5.9981347018936821     
   25.199999999999999       -6.0148593872064708     
   25.230000000000000       -6.0319314822079670     
   25.259999999999998       -6.0493916592436516     
   25.289999999999999       -6.0672821318052197     
   25.320000000000000       -6.0856466567884251     
   25.349999999999998       -6.1045305427216698     
   25.379999999999999       -6.1239806658792721     
   25.410000000000000       -6.1440454965513807     
   25.439999999999998       -6.1647751381232352     
   25.469999999999999       -6.1862213820802685     
   25.500000000000000       -6.2084377825815098     
   25.529999999999998       -6.2314797548642860     
   25.559999999999999       -6.2554047024604387     
   25.590000000000000       -6.2802721790672180     
   25.619999999999997       -6.3061440919362903     
   25.649999999999999       -6.3330849548768171     
   25.680000000000000       -6.3611622004625108     
   25.709999999999997       -6.3904465628721239     
   25.739999999999998       -6.4210125450754258     
   25.770000000000000       -6.4529389869381166     
   25.800000000000001       -6.4863097544290662     
   25.829999999999998       -6.5212145747528520     
   25.859999999999999       -6.5577500481847206     
   25.890000000000001       -6.5960208751888327     
   25.919999999999998       -6.6361413476230542     
   25.949999999999999       -6.6782371664582350     
   25.980000000000000       -6.7224476667425588     
   26.009999999999998       -6.7689285553832859     
   26.039999999999999       -6.8178553015062162     
   26.070000000000000       -6.8694273667510810     
   26.099999999999998       -6.9238735300910701     
   26.129999999999999       -6.9814586582339047     
   26.160000000000000       -7.0424924133618534     
   26.189999999999998       -7.1073405991755152     
   26.219999999999999       -7.1764401637404109     
   26.250000000000000       -7.2503193709744655     
   26.279999999999998       -7.3296254393203792     
   26.309999999999999       -7.4151632384163308     
   26.340000000000000       -7.5079508297849848     
   26.369999999999997       -7.6093015141534375     
   26.399999999999999       -7.7209492093666761     
   26.430000000000000       -7.8452479351547835     
   26.459999999999997       -7.9855051550950913     
   26.489999999999998       -8.1465737868982284     
   26.520000000000000       -8.3359888884851276     
   26.550000000000001       -8.5663891591068673     
   26.579999999999998       -8.8614905006274274     
   26.609999999999999       -9.2745790018201522     
   26.640000000000001       -9.9758498032588356     
   26.669999999999998       -16.649753586363094     
   26.699999999999999       -9.9884207158730067     
   26.730000000000000       -9.3034909355770665     
   26.759999999999998       -8.9058078199032291     
   26.789999999999999       -8.6257683328526653     
   26.820000000000000       -8.4101704301723945     
   26.849999999999998       -8.2352981612868970     
   26.879999999999999       -8.0884893914708123     
   26.910000000000000       -7.9621775374666885     
   26.939999999999998       -7.8514752698560235     
   26.969999999999999       -7.7530399997745709     
   27.000000000000000       -7.6644829363972615     
   27.029999999999998       -7.5840363490597973     
   27.059999999999999       -7.5103544690510011     
   27.090000000000000       -7.4423883857150601     
   27.119999999999997       -7.3793042090650456     
   27.149999999999999       -7.3204276987613692     
   27.180000000000000       -7.2652057089338120     
   27.209999999999997       -7.2131786691911062     
   27.239999999999998       -7.1639605143196130     
   27.270000000000000       -7.1172237657786308     
   27.300000000000001       -7.0726882539885327     
   27.329999999999998       -7.0301124631984635     
   27.359999999999999       -6.9892867980926221     
   27.390000000000001       -6.9500282803480848     
   27.419999999999998       -6.9121763241446343     
   27.449999999999999       -6.8755893360788916     
   27.480000000000000       -6.8401419523529343     
   27.509999999999998       -6.8057227737768446     
   27.539999999999999       -6.7722324934859026     
   27.570000000000000       -6.7395823372518500     
   27.599999999999998       -6.7076927546929941     
   27.629999999999999       -6.6764923134893870     
   27.660000000000000       -6.6459167589940193     
   27.689999999999998       -6.6159082095917361     
   27.719999999999999       -6.5864144641600628     
   27.750000000000000       -6.5573884026784004     
   27.779999999999998       -6.5287874647186417     
   27.809999999999999       -6.5005731934028397     
   27.840000000000000       -6.4727108346789386     
   27.869999999999997       -6.4451689836097730     
   27.899999999999999       -6.4179192708046422     
   27.930000000000000       -6.3909360832841546     
   27.959999999999997       -6.3641963150544418     
   27.989999999999998       -6.3376791433918109     
   28.020000000000000       -6.3113658275167213     
   28.050000000000001       -6.2852395268245953     
   28.079999999999998       -6.2592851362830935     
   28.109999999999999       -6.2334891369615235     
   28.140000000000001       -6.2078394599517672     
   28.169999999999998       -6.1823253621821790     
   28.199999999999999       -6.1569373128400970     
   28.230000000000000       -6.1316668892903774     
   28.259999999999998       -6.1065066815256950     
   28.289999999999999       -6.0814502042913574     
   28.320000000000000       -6.0564918161681414     
   28.349999999999998       -6.0316266449457130     
   28.379999999999999       -6.0068505187260621     
   28.410000000000000       -5.9821599022461998     
   28.439999999999998       -5.9575518379720753     
   28.469999999999999       -5.9330238915603015     
   28.500000000000000       -5.9085741013287443     
   28.529999999999998       -5.8842009314145942     
   28.559999999999999       -5.8599032283296371     
   28.590000000000000       -5.8356801806439558     
   28.619999999999997       -5.8115312815705256     
   28.649999999999999       -5.7874562942212400     
   28.680000000000000       -5.7634552193486712     
   28.709999999999997       -5.7395282653850872     
   28.739999999999998       -5.7156758206147158     
   28.770000000000000       -5.6918984273340332     
   28.799999999999997       -5.6681967578514110     
   28.829999999999998       -5.6445715922059492     
   28.859999999999999       -5.6210237974836073     
   28.890000000000001       -5.5975543086230886     
   28.919999999999998       -5.5741641106102291     
   28.949999999999999       -5.5508542219695380     
   28.980000000000000       -5.5276256794666532     
   29.009999999999998       -5.5044795239402085     
   29.039999999999999       -5.4814167871954576     
   29.070000000000000       -5.4584384798861496     
   29.099999999999998       -5.4355455803228887     
   29.129999999999999       -5.4127390241549804     
   29.160000000000000       -5.3900196948631294     
   29.189999999999998       -5.3673884150238802     
   29.219999999999999       -5.3448459382903266     
   29.250000000000000       -5.3223929420517155     
   29.279999999999998       -5.3000300207335833     
   29.309999999999999       -5.2777576796981469     
   29.340000000000000       -5.2555763297146960     
   29.369999999999997       -5.2334862819665338     
   29.399999999999999       -5.2114877435713547     
   29.430000000000000       -5.1895808135792931     
   29.459999999999997       -5.1677654794346291     
   29.489999999999998       -5.1460416138718621     
   29.520000000000000       -5.1244089722290687     
   29.549999999999997       -5.1028671901573901     
   29.579999999999998       -5.0814157817117414     
   29.609999999999999       -5.0600541378039798     
   29.640000000000001       -5.0387815250076837     
   29.669999999999998       -5.0175970846967513     
   29.699999999999999       -4.9964998325075491     
   29.730000000000000       -4.9754886581156494     
   29.759999999999998       -4.9545623253122288     
   29.789999999999999       -4.9337194723736264     
   29.820000000000000       -4.9129586127153697     
   29.849999999999998       -4.8922781358210559     
   29.879999999999999       -4.8716763084415735     
   29.910000000000000       -4.8511512760535931     
   29.939999999999998       -4.8307010645769335     
   29.969999999999999       -4.8103235823396959     
   30.000000000000000       -4.7900166222898504     
