   2.9999999999999999E-002  -6.9086336767303305     
   5.9999999999999998E-002  -6.9103788499269072     
   8.9999999999999997E-002  -6.9129808501494345     
  0.12000000000000000       -6.9164313297184030     
  0.14999999999999999       -6.9207234807450337     
  0.17999999999999999       -6.9258519854790128     
  0.20999999999999999       -6.9318129772553760     
  0.23999999999999999       -6.9386040115031404     
  0.27000000000000002       -6.9462240464281519     
  0.29999999999999999       -6.9546734331226538     
  0.32999999999999996       -6.9639539149872114     
  0.35999999999999999       -6.9740686364819364     
  0.39000000000000001       -6.9850221613545269     
  0.41999999999999998       -6.9968205006277229     
  0.44999999999999996       -7.0094711507700085     
  0.47999999999999998       -7.0229831426255158     
  0.51000000000000001       -7.0373671018457156     
  0.54000000000000004       -7.0526353217517244     
  0.56999999999999995       -7.0688018497659488     
  0.59999999999999998       -7.0858825887936536     
  0.63000000000000000       -7.1038954152145619     
  0.65999999999999992       -7.1228603154729413     
  0.68999999999999995       -7.1427995436419840     
  0.71999999999999997       -7.1637378027998997     
  0.75000000000000000       -7.1857024536076581     
  0.78000000000000003       -7.2087237541476012     
  0.80999999999999994       -7.2328351358919081     
  0.83999999999999997       -7.2580735216632792     
  0.87000000000000000       -7.2844796926685547     
  0.89999999999999991       -7.3120987131973081     
  0.92999999999999994       -7.3409804234580758     
  0.95999999999999996       -7.3711800133835448     
  0.98999999999999999       -7.4027586932155343     
   1.0200000000000000       -7.4357844804692910     
   1.0500000000000000       -7.4703331277343512     
   1.0800000000000001       -7.5064892220446007     
   1.1099999999999999       -7.5443474947325591     
   1.1399999999999999       -7.5840143914441009     
   1.1699999999999999       -7.6256099662893098     
   1.2000000000000000       -7.6692701833028210     
   1.2300000000000000       -7.7151497344586861     
   1.2600000000000000       -7.7634255193327162     
   1.2900000000000000       -7.8143009814502307     
   1.3199999999999998       -7.8680115669713429     
   1.3499999999999999       -7.9248316727866017     
   1.3799999999999999       -7.9850835993360878     
   1.4099999999999999       -8.0491492443217467     
   1.4399999999999999       -8.1174856096111974     
   1.4700000000000000       -8.1906457174667402     
   1.5000000000000000       -8.2693073706041638     
   1.5300000000000000       -8.3543135733398746     
   1.5600000000000001       -8.4467307912883580     
   1.5899999999999999       -8.5479354180411384     
   1.6199999999999999       -8.6597466097940909     
   1.6499999999999999       -8.7846389485362337     
   1.6799999999999999       -8.9261004652285472     
   1.7100000000000000       -9.0892744107974917     
   1.7400000000000000       -9.2822063823894254     
   1.7700000000000000       -9.5185449895410219     
   1.7999999999999998       -9.8243662766989139     
   1.8299999999999998       -10.260162454428922     
   1.8599999999999999       -11.034252501475095     
   1.8899999999999999       -12.918365106232550     
   1.9199999999999999       -10.782315192849145     
   1.9500000000000000       -10.157565729722590     
   1.9800000000000000       -9.7813488407272864     
   2.0099999999999998       -9.5128709122496051     
   2.0400000000000000       -9.3049988205400691     
   2.0699999999999998       -9.1360962581787284     
   2.1000000000000001       -8.9944144769561216     
   2.1299999999999999       -8.8728566983080626     
   2.1600000000000001       -8.7668061379030124     
   2.1899999999999999       -8.6730901502447661     
   2.2199999999999998       -8.5894344311249586     
   2.2500000000000000       -8.5141529609212174     
   2.2799999999999998       -8.4459611613295102     
   2.3100000000000001       -8.3838578111400697     
   2.3399999999999999       -8.3270474277174280     
   2.3700000000000001       -8.2748875361081762     
   2.3999999999999999       -8.2268518244564177     
   2.4299999999999997       -8.1825037676328360     
   2.4600000000000000       -8.1414773413988506     
   2.4899999999999998       -8.1034626563079613     
   2.5200000000000000       -8.0681950784490262     
   2.5499999999999998       -8.0354468685951055     
   2.5800000000000001       -8.0050206713200325     
   2.6099999999999999       -7.9767443839182688     
   2.6399999999999997       -7.9504670687481056     
   2.6699999999999999       -7.9260556645933304     
   2.6999999999999997       -7.9033923169494988     
   2.7300000000000000       -7.8823721928129480     
   2.7599999999999998       -7.8629016784473826     
   2.7900000000000000       -7.8448968826096790     
   2.8199999999999998       -7.8282823854523400     
   2.8500000000000001       -7.8129901865579008     
   2.8799999999999999       -7.7989588155631271     
   2.9099999999999997       -7.7861325764405578     
   2.9399999999999999       -7.7744609023652060     
   2.9699999999999998       -7.7638978026344780     
   3.0000000000000000       -7.7544013866564772     
   3.0299999999999998       -7.7459334528217179     
   3.0600000000000001       -7.7384591322829621     
   3.0899999999999999       -7.7319465794447693     
   3.1200000000000001       -7.7263667023816129     
   3.1499999999999999       -7.7216929275552388     
   3.1799999999999997       -7.7179009941349586     
   3.2100000000000000       -7.7149687739916049     
   3.2399999999999998       -7.7128761140624240     
   3.2700000000000000       -7.7116046983055853     
   3.2999999999999998       -7.7111379268938860     
   3.3300000000000001       -7.7114608106619462     
   3.3599999999999999       -7.7125598791181167     
   3.3899999999999997       -7.7144231006003263     
   3.4199999999999999       -7.7170398133623781     
   3.4499999999999997       -7.7204006665748501     
   3.4800000000000000       -7.7244975703813550     
   3.5099999999999998       -7.7293236542927488     
   3.5400000000000000       -7.7348732333304717     
   3.5699999999999998       -7.7411417814391372     
   3.5999999999999996       -7.7481259117865520     
   3.6299999999999999       -7.7558233636680800     
   3.6599999999999997       -7.7642329958104011     
   3.6899999999999999       -7.7733547859593104     
   3.7199999999999998       -7.7831898367104149     
   3.7500000000000000       -7.7937403876235152     
   3.7799999999999998       -7.8050098337384872     
   3.8100000000000001       -7.8170027506959912     
   3.8399999999999999       -7.8297249267526654     
   3.8699999999999997       -7.8431834020715598     
   3.8999999999999999       -7.8573865157765548     
   3.9299999999999997       -7.8723439613661066     
   3.9600000000000000       -7.8880668512143099     
   3.9899999999999998       -7.9045677910319849     
   4.0199999999999996       -7.9218609653246670     
   4.0499999999999998       -7.9399622350789221     
   4.0800000000000001       -7.9588892491353533     
   4.1099999999999994       -7.9786615709669482     
   4.1399999999999997       -7.9993008229028755     
   4.1699999999999999       -8.0208308502007739     
   4.2000000000000002       -8.0432779078258090     
   4.2299999999999995       -8.0666708733277446     
   4.2599999999999998       -8.0910414898611851     
   4.2900000000000000       -8.1164246441812988     
   4.3200000000000003       -8.1428586854218352     
   4.3499999999999996       -8.1703857916518778     
   4.3799999999999999       -8.1990523926849086     
   4.4100000000000001       -8.2289096594567894     
   4.4399999999999995       -8.2600140725931848     
   4.4699999999999998       -8.2924280856996546     
   4.5000000000000000       -8.3262209026162068     
   4.5300000000000002       -8.3614693926136194     
   4.5599999999999996       -8.3982591736429146     
   4.5899999999999999       -8.4366859017281524     
   4.6200000000000001       -8.4768568150782890     
   4.6499999999999995       -8.5188925954218089     
   4.6799999999999997       -8.5629296277433244     
   4.7100000000000000       -8.6091227649349573     
   4.7400000000000002       -8.6576487386747374     
   4.7699999999999996       -8.7087104062586338     
   4.7999999999999998       -8.7625420914800554     
   4.8300000000000001       -8.8194163756831667     
   4.8599999999999994       -8.8796528381708626     
   4.8899999999999997       -8.9436294578928006     
   4.9199999999999999       -9.0117977114490078     
   4.9500000000000002       -9.0847029048503725     
   4.9799999999999995       -9.1630120784687072     
   5.0099999999999998       -9.2475531435201468     
   5.0400000000000000       -9.3393711521096652     
   5.0699999999999994       -9.4398115715469633     
   5.0999999999999996       -9.5506477793953106     
   5.1299999999999999       -9.6742843404222327     
   5.1600000000000001       -9.8140974991316163     
   5.1899999999999995       -9.9750416333617604     
   5.2199999999999998       -10.164817930951275     
   5.2500000000000000       -10.396376300206134     
   5.2799999999999994       -10.694131542278152     
   5.3099999999999996       -11.113434980821406     
   5.3399999999999999       -11.834893433653850     
   5.3700000000000001       -14.994507117323508     
   5.3999999999999995       -11.767972903045793     
   5.4299999999999997       -11.102699144228886     
   5.4600000000000000       -10.712213084526978     
   5.4900000000000002       -10.436446617649707     
   5.5199999999999996       -10.224154230543595     
   5.5499999999999998       -10.052291217141734     
   5.5800000000000001       -9.9084963443376370     
   5.6099999999999994       -9.7853640703727329     
   5.6399999999999997       -9.6781053984657301     
   5.6699999999999999       -9.5834442946513025     
   5.7000000000000002       -9.4990408163677440     
   5.7299999999999995       -9.4231654064526609     
   5.7599999999999998       -9.3545035744147551     
   5.7900000000000000       -9.2920329457155511     
   5.8199999999999994       -9.2349427112387517     
   5.8499999999999996       -9.1825790571410266     
   5.8799999999999999       -9.1344071261356188     
   5.9100000000000001       -9.0899838424902519     
   5.9399999999999995       -9.0489380780567181     
   5.9699999999999998       -9.0109559012901563     
   6.0000000000000000       -8.9757694222115418     
   6.0299999999999994       -8.9431482303427128     
   6.0599999999999996       -8.9128927346062561     
   6.0899999999999999       -8.8848289199507970     
   6.1200000000000001       -8.8588041740526151     
   6.1499999999999995       -8.8346839325651505     
   6.1799999999999997       -8.8123489578052325     
   6.2100000000000000       -8.7916931128564002     
   6.2400000000000002       -8.7726215269585452     
   6.2699999999999996       -8.7550490727494132     
   6.2999999999999998       -8.7388990941446636     
   6.3300000000000001       -8.7241023372416446     
   6.3599999999999994       -8.7105960468823866     
   6.3899999999999997       -8.6983231993162562     
   6.4199999999999999       -8.6872318473976975     
   6.4500000000000002       -8.6772745594048590     
   6.4799999999999995       -8.6684079361843640     
   6.5099999999999998       -8.6605921941924073     
   6.5400000000000000       -8.6537908042562108     
   6.5699999999999994       -8.6479701776929954     
   6.5999999999999996       -8.6430993928684448     
   6.6299999999999999       -8.6391499564422283     
   6.6600000000000001       -8.6360955945134865     
   6.6899999999999995       -8.6339120696415215     
   6.7199999999999998       -8.6325770203626089     
   6.7500000000000000       -8.6320698203517736     
   6.7799999999999994       -8.6323714548118087     
   6.8099999999999996       -8.6334644120403379     
   6.8399999999999999       -8.6353325884283159     
   6.8700000000000001       -8.6379612054053396     
   6.8999999999999995       -8.6413367370655489     
   6.9299999999999997       -8.6454468473872819     
   6.9600000000000000       -8.6502803361299492     
   6.9899999999999993       -8.6558270926264793     
   7.0199999999999996       -8.6620780568026099     
   7.0499999999999998       -8.6690251868674313     
   7.0800000000000001       -8.6766614332150329     
   7.1099999999999994       -8.6849807181522571     
   7.1399999999999997       -8.6939779211448673     
   7.1699999999999999       -8.7036488693569574     
   7.1999999999999993       -8.7139903332998490     
   7.2299999999999995       -8.7250000274961117     
   7.2599999999999998       -8.7366766160923692     
   7.2900000000000000       -8.7490197234482867     
   7.3199999999999994       -8.7620299497561902     
   7.3499999999999996       -8.7757088918281720     
   7.3799999999999999       -8.7900591692405090     
   7.4100000000000001       -8.8050844560890837     
   7.4399999999999995       -8.8207895187011882     
   7.4699999999999998       -8.8371802596963480     
   7.5000000000000000       -8.8542637689105508     
   7.5299999999999994       -8.8720483817750715     
   7.5599999999999996       -8.8905437458631074     
   7.5899999999999999       -8.9097608964391224     
   7.6200000000000001       -8.9297123420060789     
   7.6499999999999995       -8.9504121610072911     
   7.6799999999999997       -8.9718761110510368     
   7.7100000000000000       -8.9941217522523491     
   7.7399999999999993       -9.0171685865784621     
   7.7699999999999996       -9.0410382154213753     
   7.7999999999999998       -9.0657545180064680     
   7.8300000000000001       -9.0913438537440481     
   7.8599999999999994       -9.1178352922039547     
   7.8899999999999997       -9.1452608751043041     
   7.9199999999999999       -9.1736559155527697     
   7.9499999999999993       -9.2030593408704018     
   7.9799999999999995       -9.2335140865946244     
   8.0099999999999998       -9.2650675509068652     
   8.0399999999999991       -9.2977721207535673     
   8.0700000000000003       -9.3316857834765319     
   8.0999999999999996       -9.3668728409882220     
   8.1299999999999990       -9.4034047476736138     
   8.1600000000000001       -9.4413610984718854     
   8.1899999999999995       -9.4808308004653714     
   8.2199999999999989       -9.5219134702898263     
   8.2500000000000000       -9.5647211115083266     
   8.2799999999999994       -9.6093801419236264     
   8.3100000000000005       -9.6560338620738460     
   8.3399999999999999       -9.7048454852149195     
   8.3699999999999992       -9.7560018891957778     
   8.4000000000000004       -9.8097183068113960     
   8.4299999999999997       -9.8662442510143773     
   8.4599999999999991       -9.9258710867127018     
   8.4900000000000002       -9.9889418304921165     
   8.5199999999999996       -10.055864014111085     
   8.5499999999999989       -10.127126838059972     
   8.5800000000000001       -10.203324455223319     
   8.6099999999999994       -10.285188216916550     
   8.6400000000000006       -10.373632368406700     
   8.6699999999999999       -10.469820542692183     
   8.6999999999999993       -10.575265559332895     
   8.7300000000000004       -10.691984796770925     
   8.7599999999999998       -10.822752980609209     
   8.7899999999999991       -10.971536329638612     
   8.8200000000000003       -11.144290762705939     
   8.8499999999999996       -11.350565775493004     
   8.8799999999999990       -11.607142888569179     
   8.9100000000000001       -11.947896304957160     
   8.9399999999999995       -12.459682842089743     
   8.9699999999999989       -13.535291880471176     
   9.0000000000000000       -13.636802281629988     
   9.0299999999999994       -12.513639594043086     
   9.0600000000000005       -12.004446828209890     
   9.0899999999999999       -11.673456314482671     
   9.1199999999999992       -11.429046391869123     
   9.1500000000000004       -11.236047583018397     
   9.1799999999999997       -11.077183594106501     
   9.2099999999999991       -10.942676945058372     
   9.2400000000000002       -10.826453554904450     
   9.2699999999999996       -10.724481033339108     
   9.2999999999999989       -10.633945685753289     
   9.3300000000000001       -10.552806508889718     
   9.3599999999999994       -10.479536233250716     
   9.3899999999999988       -10.412962520713839     
   9.4199999999999999       -10.352166152439663     
   9.4499999999999993       -10.296413298895121     
   9.4800000000000004       -10.245109035587046     
   9.5099999999999998       -10.197764576797320     
   9.5399999999999991       -10.153973638674493     
   9.5700000000000003       -10.113395039568232     
   9.5999999999999996       -10.075739661022556     
   9.6299999999999990       -10.040760520260958     
   9.6600000000000001       -10.008245103534863     
   9.6899999999999995       -9.9780093692785670     
   9.7199999999999989       -9.9498930028042718     
   9.7500000000000000       -9.9237556216706366     
   9.7799999999999994       -9.8994737120194980     
   9.8100000000000005       -9.8769381332703894     
   9.8399999999999999       -9.8560520692917848     
   9.8699999999999992       -9.8367293336600135     
   9.9000000000000004       -9.8188929582024951     
   9.9299999999999997       -9.8024740100554819     
   9.9599999999999991       -9.7874105944868823     
   9.9900000000000002       -9.7736470098082133     
   10.020000000000000       -9.7611330276557258     
   10.049999999999999       -9.7498232773071578     
   10.080000000000000       -9.7396767168339426     
   10.109999999999999       -9.7306561771796414     
   10.139999999999999       -9.7227279678306306     
   10.170000000000000       -9.7158615347943318     
   10.199999999999999       -9.7100291632367774     
   10.230000000000000       -9.7052057184617500     
   10.260000000000000       -9.7013684199819483     
   10.289999999999999       -9.6984966443020824     
   10.320000000000000       -9.6965717527551298     
   10.350000000000000       -9.6955769413191657     
   10.379999999999999       -9.6954971098373726     
   10.410000000000000       -9.6963187484667905     
   10.440000000000000       -9.6980298395295641     
   10.469999999999999       -9.7006197732295618     
   10.500000000000000       -9.7040792759442684     
   10.529999999999999       -9.7084003500170173     
   10.559999999999999       -9.7135762241586416     
   10.590000000000000       -9.7196013137273294     
   10.619999999999999       -9.7264711903082457     
   10.650000000000000       -9.7341825601333998     
   10.680000000000000       -9.7427332510147213     
   10.709999999999999       -9.7521222075650744     
   10.740000000000000       -9.7623494945987215     
   10.770000000000000       -9.7734163087019272     
   10.799999999999999       -9.7853249980726478     
   10.830000000000000       -9.7980790908389555     
   10.859999999999999       -9.8116833321743222     
   10.889999999999999       -9.8261437306560016     
   10.920000000000000       -9.8414676144383044     
   10.949999999999999       -9.8576636979746404     
   10.980000000000000       -9.8747421601599772     
   11.010000000000000       -9.8927147349950744     
   11.039999999999999       -9.9115948160528138     
   11.070000000000000       -9.9313975763044553     
   11.100000000000000       -9.9521401051576586     
   11.129999999999999       -9.9738415649023864     
   11.160000000000000       -9.9965233691915110     
   11.190000000000000       -10.020209386672184     
   11.219999999999999       -10.044926173508911     
   11.250000000000000       -10.070703239249710     
   11.279999999999999       -10.097573351402730     
   11.309999999999999       -10.125572885176183     
   11.340000000000000       -10.154742226207416     
   11.369999999999999       -10.185126235773369     
   11.400000000000000       -10.216774790079512     
   11.430000000000000       -10.249743407927305     
   11.459999999999999       -10.284093984340242     
   11.490000000000000       -10.319895652079316     
   11.520000000000000       -10.357225798496986     
   11.549999999999999       -10.396171272320123     
   11.580000000000000       -10.436829824371802     
   11.609999999999999       -10.479311838670428     
   11.639999999999999       -10.523742426827184     
   11.670000000000000       -10.570263981199476     
   11.699999999999999       -10.619039312712378     
   11.730000000000000       -10.670255541667707     
   11.760000000000000       -10.724128969249618     
   11.789999999999999       -10.780911242096259     
   11.820000000000000       -10.840897244975631     
   11.850000000000000       -10.904435337557571     
   11.879999999999999       -10.971940823746499     
   11.910000000000000       -11.043913961624606     
   11.940000000000000       -11.120964484534468     
   11.969999999999999       -11.203845679801743     
   12.000000000000000       -11.293502876521915     
   12.029999999999999       -11.391144334325002     
   12.059999999999999       -11.498348228350880     
   12.090000000000000       -11.617230313607623     
   12.119999999999999       -11.750718914802995     
   12.150000000000000       -11.903031954532411     
   12.180000000000000       -12.080565334708284     
   12.209999999999999       -12.293708848508267     
   12.240000000000000       -12.561066563999272     
   12.270000000000000       -12.921331219753942     
   12.299999999999999       -13.479594060334541     
   12.330000000000000       -14.815235976010188     
   12.359999999999999       -14.249361198666865     
   12.389999999999999       -13.315717879783266     
   12.420000000000000       -12.847468619260942     
   12.449999999999999       -12.534327858237674     
   12.480000000000000       -12.299854728266506     
   12.510000000000000       -12.113124861811176     
   12.539999999999999       -11.958514296543465     
   12.570000000000000       -11.827021070643820     
   12.600000000000000       -11.712982263952981     
   12.629999999999999       -11.612602969176184     
   12.660000000000000       -11.523215595870392     
   12.690000000000000       -11.442873437580342     
   12.719999999999999       -11.370112379083881     
   12.750000000000000       -11.303803614900728     
   12.779999999999999       -11.243058611440979     
   12.809999999999999       -11.187165540471225     
   12.840000000000000       -11.135545451156002     
   12.869999999999999       -11.087721254020918     
   12.900000000000000       -11.043295269773814     
   12.930000000000000       -11.001932652969003     
   12.959999999999999       -10.963348937251885     
   12.990000000000000       -10.927300530570609     
   13.020000000000000       -10.893577359798403     
   13.049999999999999       -10.861997106773801     
   13.080000000000000       -10.832400639717301     
   13.109999999999999       -10.804648354488592     
   13.139999999999999       -10.778617216614510     
   13.170000000000000       -10.754198349123918     
   13.199999999999999       -10.731295049647096     
   13.229999999999999       -10.709821148419987     
   13.260000000000000       -10.689699639273234     
   13.289999999999999       -10.670861531034012     
   13.320000000000000       -10.653244878200196     
   13.350000000000000       -10.636793958409356     
   13.379999999999999       -10.621458570994282     
   13.410000000000000       -10.607193435938500     
   13.440000000000000       -10.593957676661644     
   13.469999999999999       -10.581714373072643     
   13.500000000000000       -10.570430173957025     
   13.529999999999999       -10.560074959647503     
   13.559999999999999       -10.550621547515565     
   13.590000000000000       -10.542045434156602     
   13.619999999999999       -10.534324569100763     
   13.650000000000000       -10.527439155784496     
   13.680000000000000       -10.521371476170012     
   13.709999999999999       -10.516105736006887     
   13.740000000000000       -10.511627928152230     
   13.770000000000000       -10.507925711829298     
   13.799999999999999       -10.504988305968089     
   13.830000000000000       -10.502806395078517     
   13.859999999999999       -10.501372046378892     
   13.889999999999999       -10.500678637006743     
   13.920000000000000       -10.500720790450343     
   13.949999999999999       -10.501494321336423     
   13.979999999999999       -10.502996187971283     
   14.010000000000000       -10.505224452073209     
   14.039999999999999       -10.508178245272221     
   14.070000000000000       -10.511857741992753     
   14.100000000000000       -10.516264138513431     
   14.129999999999999       -10.521399638009926     
   14.160000000000000       -10.527267441422442     
   14.190000000000000       -10.533871744204031     
   14.219999999999999       -10.541217738942933     
   14.250000000000000       -10.549311623948110     
   14.279999999999999       -10.558160618057391     
   14.309999999999999       -10.567772981866414     
   14.340000000000000       -10.578158045774137     
   14.369999999999999       -10.589326245255688     
   14.399999999999999       -10.601289163945504     
   14.430000000000000       -10.614059585134530     
   14.459999999999999       -10.627651552501456     
   14.490000000000000       -10.642080440985675     
   14.520000000000000       -10.657363038907613     
   14.549999999999999       -10.673517642612067     
   14.580000000000000       -10.690564165151834     
   14.609999999999999       -10.708524260796317     
   14.639999999999999       -10.727421467469657     
   14.670000000000000       -10.747281369586466     
   14.699999999999999       -10.768131784223483     
   14.729999999999999       -10.790002974095596     
   14.760000000000000       -10.812927891492137     
   14.789999999999999       -10.836942458097282     
   14.820000000000000       -10.862085886655402     
   14.850000000000000       -10.888401051614931     
   14.879999999999999       -10.915934917402103     
   14.910000000000000       -10.944739034898419     
   14.940000000000000       -10.974870118990902     
   14.969999999999999       -11.006390723102490     
   15.000000000000000       -11.039370030363580     
   15.029999999999999       -11.073884785988875     
   15.059999999999999       -11.110020401691926     
   15.090000000000000       -11.147872271174645     
   15.119999999999999       -11.187547346534009     
   15.149999999999999       -11.229166039755281     
   15.180000000000000       -11.272864532734708     
   15.209999999999999       -11.318797605424916     
   15.240000000000000       -11.367142127676553     
   15.270000000000000       -11.418101410483617     
   15.299999999999999       -11.471910683238070     
   15.330000000000000       -11.528844065427911     
   15.359999999999999       -11.589223550096442     
   15.389999999999999       -11.653430738302044     
   15.420000000000000       -11.721922401497734     
   15.449999999999999       -11.795251475344468     
   15.479999999999999       -11.874095931387412     
   15.510000000000000       -11.959299363854196     
   15.539999999999999       -12.051929503714055     
   15.570000000000000       -12.153365091362996     
   15.600000000000000       -12.265429388534324     
   15.629999999999999       -12.390604031437089     
   15.660000000000000       -12.532389279626711     
   15.690000000000000       -12.695950284913303     
   15.719999999999999       -12.889374259730033     
   15.750000000000000       -13.126396779058824     
   15.779999999999999       -13.433305578024926     
   15.809999999999999       -13.871264468344497     
   15.840000000000000       -14.652393299983352     
   15.869999999999999       -16.442249251739707     
   15.899999999999999       -14.377545796890118     
   15.930000000000000       -13.757371493408629     
   15.959999999999999       -13.382758469839793     
   15.990000000000000       -13.115042597468385     
   16.020000000000000       -12.907560406551490     
   16.050000000000001       -12.738837413610296     
   16.079999999999998       -12.597194474416613     
   16.109999999999999       -12.475568849962791     
   16.140000000000001       -12.369361691533236     
   16.169999999999998       -12.275410131467778     
   16.199999999999999       -12.191445153818213     
   16.230000000000000       -12.115783394653992     
   16.259999999999998       -12.047141309596743     
   16.289999999999999       -11.984517672890023     
   16.320000000000000       -11.927116312376945     
   16.349999999999998       -11.874293601775788     
   16.379999999999999       -11.825521762067570     
   16.410000000000000       -11.780362583681569     
   16.439999999999998       -11.738448208854528     
   16.469999999999999       -11.699466814011616     
   16.500000000000000       -11.663151765538933     
   16.530000000000001       -11.629273284813220     
   16.559999999999999       -11.597631956596464     
   16.590000000000000       -11.568053612507935     
   16.620000000000001       -11.540385254432145     
   16.649999999999999       -11.514491774271089     
   16.680000000000000       -11.490253290548651     
   16.710000000000001       -11.467562967884382     
   16.739999999999998       -11.446325218098879     
   16.770000000000000       -11.426454205722081     
   16.800000000000001       -11.407872598139159     
   16.829999999999998       -11.390510514126451     
   16.859999999999999       -11.374304634170333     
   16.890000000000001       -11.359197443833024     
   16.919999999999998       -11.345136587037496     
   16.949999999999999       -11.332074310814503     
   16.980000000000000       -11.319966986581441     
   17.009999999999998       -11.308774695700240     
   17.039999999999999       -11.298460869442112     
   17.070000000000000       -11.288991975085967     
   17.099999999999998       -11.280337241399895     
   17.129999999999999       -11.272468417848367     
   17.160000000000000       -11.265359562828989     
   17.189999999999998       -11.258986856988614     
   17.219999999999999       -11.253328438271573     
   17.250000000000000       -11.248364255924551     
   17.280000000000001       -11.244075941019902     
   17.309999999999999       -11.240446691515121     
   17.340000000000000       -11.237461170083495     
   17.370000000000001       -11.235105413283470     
   17.399999999999999       -11.233366750716231     
   17.430000000000000       -11.232233733175269     
   17.460000000000001       -11.231696068739870     
   17.489999999999998       -11.231744566111887     
   17.520000000000000       -11.232371084445834     
   17.550000000000001       -11.233568489043289     
   17.579999999999998       -11.235330612491065     
   17.609999999999999       -11.237652220693770     
   17.640000000000001       -11.240528983491075     
   17.669999999999998       -11.243957449547922     
   17.699999999999999       -11.247935025239741     
   17.730000000000000       -11.252459957231697     
   17.759999999999998       -11.257531318781655     
   17.789999999999999       -11.263148999376165     
   17.820000000000000       -11.269313697838834     
   17.849999999999998       -11.276026918640245     
   17.879999999999999       -11.283290971576138     
   17.910000000000000       -11.291108974659560     
   17.939999999999998       -11.299484860374310     
   17.969999999999999       -11.308423385332709     
   18.000000000000000       -11.317930143432118     
   18.029999999999998       -11.328011582705084     
   18.059999999999999       -11.338675026054728     
   18.090000000000000       -11.349928696044875     
   18.120000000000001       -11.361781744185210     
   18.149999999999999       -11.374244284881733     
   18.180000000000000       -11.387327434609022     
   18.210000000000001       -11.401043356716594     
   18.239999999999998       -11.415405312414215     
   18.270000000000000       -11.430427718672032     
   18.300000000000001       -11.446126213689659     
   18.329999999999998       -11.462517730908690     
   18.359999999999999       -11.479620582526433     
   18.390000000000001       -11.497454553780315     
   18.419999999999998       -11.516041009347559     
   18.449999999999999       -11.535403013477559     
   18.480000000000000       -11.555565465832299     
   18.509999999999998       -11.576555255200651     
   18.539999999999999       -11.598401433747899     
   18.570000000000000       -11.621135414996001     
   18.599999999999998       -11.644791199060716     
   18.629999999999999       -11.669405629708967     
   18.660000000000000       -11.695018688402975     
   18.689999999999998       -11.721673831661523     
   18.719999999999999       -11.749418379394518     
   18.750000000000000       -11.778303963327030     
   18.779999999999998       -11.808387046853410     
   18.809999999999999       -11.839729530126434     
   18.840000000000000       -11.872399457322404     
   18.870000000000001       -11.906471847169504     
   18.899999999999999       -11.942029673217961     
   18.930000000000000       -11.979165026987522     
   18.960000000000001       -12.017980506127962     
   18.989999999999998       -12.058590881600209     
   19.020000000000000       -12.101125113527281     
   19.050000000000001       -12.145728806491405     
   19.079999999999998       -12.192567224117814     
   19.109999999999999       -12.241829022480529     
   19.140000000000001       -12.293730917827745     
   19.169999999999998       -12.348523583382191     
   19.199999999999999       -12.406499184584851     
   19.230000000000000       -12.468001130529117     
   19.259999999999998       -12.533436872182303     
   19.289999999999999       -12.603294965342132     
   19.320000000000000       -12.678168225085573     
   19.349999999999998       -12.758785782316153     
   19.379999999999999       -12.846058492877637     
   19.410000000000000       -12.941144983127995     
   19.439999999999998       -13.045550719986757     
   19.469999999999999       -13.161282143207755     
   19.500000000000000       -13.291097227133122     
   19.529999999999998       -13.438935355746350     
   19.559999999999999       -13.610706627278706     
   19.590000000000000       -13.815875043027921     
   19.620000000000001       -14.071041124140832     
   19.649999999999999       -14.409614438858460     
   19.680000000000000       -14.916778629229706     
   19.710000000000001       -15.971085698507689     
   19.739999999999998       -16.142068785242571     
   19.770000000000000       -14.993786205045078     
   19.800000000000001       -14.479958996422582     
   19.829999999999998       -14.147156446837311     
   19.859999999999999       -13.901904505053841     
   19.890000000000001       -13.708533756683574     
   19.919999999999998       -13.549574748890977     
   19.949999999999999       -13.415158094152233     
   19.980000000000000       -13.299159161793700     
   20.009999999999998       -13.197514436122910     
   20.039999999999999       -13.107389163713783     
   20.070000000000000       -13.026726891143381     
   20.099999999999998       -12.953988198412521     
   20.129999999999999       -12.887990619667995     
   20.160000000000000       -12.827806087141694     
   20.189999999999998       -12.772692748964097     
   20.219999999999999       -12.722048200517646     
   20.250000000000000       -12.675376534357287     
   20.279999999999998       -12.632264582115440     
   20.309999999999999       -12.592364433468651     
   20.340000000000000       -12.555380342274962     
   20.370000000000001       -12.521058761897150     
   20.399999999999999       -12.489180653489283     
   20.430000000000000       -12.459555472608294     
   20.460000000000001       -12.432016413429176     
   20.489999999999998       -12.406416607820432     
   20.520000000000000       -12.382626058527862     
   20.550000000000001       -12.360529142902170     
   20.579999999999998       -12.340022564595317     
   20.609999999999999       -12.321013660539014     
   20.640000000000001       -12.303418991781118     
   20.669999999999998       -12.287163163387996     
   20.699999999999999       -12.272177830176437     
   20.730000000000000       -12.258400854717092     
   20.759999999999998       -12.245775590419028     
   20.789999999999999       -12.234250268419762     
   20.820000000000000       -12.223777470948106     
   20.849999999999998       -12.214313677147832     
   20.879999999999999       -12.205818869841577     
   20.910000000000000       -12.198256193988710     
   20.939999999999998       -12.191591659021602     
   20.969999999999999       -12.185793878673456     
   21.000000000000000       -12.180833843101444     
   21.029999999999998       -12.176684718535496     
   21.059999999999999       -12.173321671107198     
   21.090000000000000       -12.170721711306713     
   21.119999999999997       -12.168863556792918     
   21.149999999999999       -12.167727510962814     
   21.180000000000000       -12.167295355424203     
   21.210000000000001       -12.167550254956927     
   21.239999999999998       -12.168476673263994     
   21.270000000000000       -12.170060298412670     
   21.300000000000001       -12.172287976899051     
   21.329999999999998       -12.175147655643402     
   21.359999999999999       -12.178628330762663     
   21.390000000000001       -12.182720002859822     
   21.419999999999998       -12.187413638035716     
   21.449999999999999       -12.192701134116231     
   21.480000000000000       -12.198575291893947     
   21.509999999999998       -12.205029790829297     
   21.539999999999999       -12.212059169033191     
   21.570000000000000       -12.219658807247509     
   21.599999999999998       -12.227824916625105     
   21.629999999999999       -12.236554530195207     
   21.660000000000000       -12.245845497962391     
   21.689999999999998       -12.255696485347125     
   21.719999999999999       -12.266106975187659     
   21.750000000000000       -12.277077273195937     
   21.779999999999998       -12.288608516930299     
   21.809999999999999       -12.300702688287521     
   21.840000000000000       -12.313362629694534     
   21.869999999999997       -12.326592064300874     
   21.899999999999999       -12.340395620023367     
   21.930000000000000       -12.354778858023652     
   21.960000000000001       -12.369748305738984     
   21.989999999999998       -12.385311494941664     
   22.020000000000000       -12.401477005084621     
   22.050000000000001       -12.418254512598992     
   22.079999999999998       -12.435654846608546     
   22.109999999999999       -12.453690051833245     
   22.140000000000001       -12.472373459376367     
   22.169999999999998       -12.491719766293123     
   22.199999999999999       -12.511745125166721     
   22.230000000000000       -12.532467244720520     
   22.259999999999998       -12.553905503075326     
   22.289999999999999       -12.576081075181021     
   22.320000000000000       -12.599017076674134     
   22.349999999999998       -12.622738725970111     
   22.379999999999999       -12.647273528060312     
   22.410000000000000       -12.672651482540003     
   22.439999999999998       -12.698905320232491     
   22.469999999999999       -12.726070772691566     
   22.500000000000000       -12.754186880199091     
   22.529999999999998       -12.783296344856957     
   22.559999999999999       -12.813445936664653     
   22.590000000000000       -12.844686962330062     
   22.619999999999997       -12.877075808673403     
   22.649999999999999       -12.910674574875330     
   22.680000000000000       -12.945551811861968     
   22.710000000000001       -12.981783390967438     
   22.739999999999998       -13.019453529243046     
   22.770000000000000       -13.058656007788530     
   22.800000000000001       -13.099495626564032     
   22.829999999999998       -13.142089954119019     
   22.859999999999999       -13.186571445830452     
   22.890000000000001       -13.233090028372118     
   22.919999999999998       -13.281816278572148     
   22.949999999999999       -13.332945368413379     
   22.980000000000000       -13.386702008845845     
   23.009999999999998       -13.443346711904935     
   23.039999999999999       -13.503183816004670     
   23.070000000000000       -13.566571905840762     
   23.099999999999998       -13.633937538422629     
   23.129999999999999       -13.705793619682593     
   23.160000000000000       -13.782764458853643     
   23.189999999999998       -13.865620643392203     
   23.219999999999999       -13.955328747261978     
   23.250000000000000       -14.053124152777549     
   23.279999999999998       -14.160621215268867     
   23.309999999999999       -14.279986403911865     
   23.340000000000000       -14.414223256419382     
   23.369999999999997       -14.567668829499974     
   23.399999999999999       -14.746923390279814     
   23.430000000000000       -14.962764940361089     
   23.460000000000001       -15.234646123098726     
   23.489999999999998       -15.603558533577743     
   23.520000000000000       -16.183813385274732     
   23.550000000000001       -17.677596569420977     
   23.579999999999998       -16.800923009468566     
   23.609999999999999       -15.927903965844747     
   23.640000000000001       -15.475061734084646     
   23.669999999999998       -15.169113409326162     
   23.699999999999999       -14.938947326867446     
   23.730000000000000       -14.755213511126414     
   23.759999999999998       -14.602920916317879     
   23.789999999999999       -14.473372398634215     
   23.820000000000000       -14.361070800170181     
   23.849999999999998       -14.262319701753530     
   23.879999999999999       -14.174514153773094     
   23.910000000000000       -14.095749514685361     
   23.939999999999998       -14.024591198140747     
   23.969999999999999       -13.959931901283731     
   24.000000000000000       -13.900899231494858     
   24.029999999999998       -13.846793783309085     
   24.059999999999999       -13.797046361287485     
   24.090000000000000       -13.751187657564902     
   24.119999999999997       -13.708826270581381     
   24.149999999999999       -13.669632454995307     
   24.180000000000000       -13.633325898165520     
   24.210000000000001       -13.599666382391876     
   24.239999999999998       -13.568446552364991     
   24.270000000000000       -13.539486243041281     
   24.300000000000001       -13.512627980685563     
   24.329999999999998       -13.487733377815916     
   24.359999999999999       -13.464680217365002     
   24.390000000000001       -13.443360073917686     
   24.419999999999998       -13.423676357913525     
   24.449999999999999       -13.405542695970167     
   24.480000000000000       -13.388881580609736     
   24.509999999999998       -13.373623237723935     
   24.539999999999999       -13.359704671297585     
   24.570000000000000       -13.347068853443240     
   24.599999999999998       -13.335664034462704     
   24.629999999999999       -13.325443152453518     
   24.660000000000000       -13.316363326249434     
   24.689999999999998       -13.308385418234417     
   24.719999999999999       -13.301473656320214     
   24.750000000000000       -13.295595306074546     
   24.779999999999998       -13.290720385665260     
   24.809999999999999       -13.286821417579349     
   24.840000000000000       -13.283873212015916     
   24.869999999999997       -13.281852677752701     
   24.899999999999999       -13.280738656716734     
   24.930000000000000       -13.280511779614155     
   24.960000000000001       -13.281154339924138     
   24.989999999999998       -13.282650183925437     
   25.020000000000000       -13.284984615239953     
   25.050000000000001       -13.288144312264606     
   25.079999999999998       -13.292117257227893     
   25.109999999999999       -13.296892675592787     
   25.140000000000001       -13.302460985022464     
   25.169999999999998       -13.308813753241846     
   25.199999999999999       -13.315943663990852     
   25.230000000000000       -13.323844490537313     
   25.259999999999998       -13.332511076415923     
   25.289999999999999       -13.341939323152131     
   25.320000000000000       -13.352126184467227     
   25.349999999999998       -13.363069667183543     
   25.379999999999999       -13.374768838435722     
   25.410000000000000       -13.387223839375448     
   25.439999999999998       -13.400435905677956     
   25.469999999999999       -13.414407394695768     
   25.500000000000000       -13.429141819143227     
   25.529999999999998       -13.444643889370898     
   25.559999999999999       -13.460919562425902     
   25.590000000000000       -13.477976100414137     
   25.619999999999997       -13.495822137427091     
   25.649999999999999       -13.514467757342448     
   25.680000000000000       -13.533924582163747     
   25.709999999999997       -13.554205873095484     
   25.739999999999998       -13.575326645262125     
   25.770000000000000       -13.597303798300393     
   25.800000000000001       -13.620156264352451     
   25.829999999999998       -13.643905176471470     
   25.859999999999999       -13.668574059855333     
   25.890000000000001       -13.694189049256000     
   25.919999999999998       -13.720779137148467     
   25.949999999999999       -13.748376457626609     
   25.980000000000000       -13.777016610705436     
   26.009999999999998       -13.806739035926801     
   26.039999999999999       -13.837587442133279     
   26.070000000000000       -13.869610305093703     
   26.099999999999998       -13.902861445270714     
   26.129999999999999       -13.937400701212084     
   26.160000000000000       -13.973294718638179     
   26.189999999999998       -14.010617879207793     
   26.219999999999999       -14.049453399484294     
   26.250000000000000       -14.089894639021420     
   26.279999999999998       -14.132046666792117     
   26.309999999999999       -14.176028149160828     
   26.340000000000000       -14.221973643011882     
   26.369999999999997       -14.270036400581578     
   26.399999999999999       -14.320391832258196     
   26.430000000000000       -14.373241818290868     
   26.459999999999997       -14.428820135283274     
   26.489999999999998       -14.487399358883522     
   26.520000000000000       -14.549299753703734     
   26.550000000000001       -14.614900880244209     
   26.579999999999998       -14.684656977632422     
   26.609999999999999       -14.759117700382054     
   26.640000000000001       -14.838956616505762     
   26.669999999999998       -14.925011229476805     
   26.699999999999999       -15.018340619876932     
   26.730000000000000       -15.120310915490212     
   26.759999999999998       -15.232726457168582     
   26.789999999999999       -15.358039517173101     
   26.820000000000000       -15.499702811209600     
   26.849999999999998       -15.662800131744161     
   26.879999999999999       -15.855268645962212     
   26.910000000000000       -16.090536349129984     
   26.939999999999998       -16.394151628647410     
   26.969999999999999       -16.824955671581680     
   27.000000000000000       -17.582118310367488     
   27.029999999999998       -19.737803921177083     
   27.059999999999999       -17.387504498646500     
   27.090000000000000       -16.750664584992705     
   27.119999999999997       -16.369916389682256     
   27.149999999999999       -16.098894095048301     
   27.180000000000000       -15.889248210661227     
   27.209999999999997       -15.718922419716817     
   27.239999999999998       -15.575985043327117     
   27.270000000000000       -15.453247511399985     
   27.300000000000001       -15.346042474407557     
   27.329999999999998       -15.251167631061509     
   27.359999999999999       -15.166330577590829     
   27.390000000000001       -15.089834029034273     
   27.419999999999998       -15.020386412849275     
   27.449999999999999       -14.956982309289852     
   27.480000000000000       -14.898823944401549     
   27.509999999999998       -14.845267898996548     
   27.539999999999999       -14.795787900770884     
   27.570000000000000       -14.749948203725641     
   27.599999999999998       -14.707384134015193     
   27.629999999999999       -14.667787604923040     
   27.660000000000000       -14.630896151839693     
   27.689999999999998       -14.596484508705162     
   27.719999999999999       -14.564358047617127     
   27.750000000000000       -14.534347613006899     
   27.779999999999998       -14.506305403405722     
   27.809999999999999       -14.480101660058999     
   27.840000000000000       -14.455621979036286     
   27.869999999999997       -14.432765109340735     
   27.899999999999999       -14.411441136886559     
   27.930000000000000       -14.391569977246045     
   27.959999999999997       -14.373080112384129     
   27.989999999999998       -14.355907530520787     
   28.020000000000000       -14.339994827736255     
   28.050000000000001       -14.325290444504914     
   28.079999999999998       -14.311748012666003     
   28.109999999999999       -14.299325795574410     
   28.140000000000001       -14.287986204933505     
   28.169999999999998       -14.277695383756409     
   28.199999999999999       -14.268422843495737     
   28.230000000000000       -14.260141148432359     
   28.259999999999998       -14.252825640710919     
   28.289999999999999       -14.246454199540699     
   28.320000000000000       -14.241007029920896     
   28.349999999999998       -14.236466477771113     
   28.379999999999999       -14.232816867857361     
   28.410000000000000       -14.230044361030064     
   28.439999999999998       -14.228136829423015     
   28.469999999999999       -14.227083747605239     
   28.500000000000000       -14.226876097163487     
   28.529999999999998       -14.227506284392236     
   28.559999999999999       -14.228968069068248     
   28.590000000000000       -14.231256504503154     
   28.619999999999997       -14.234367886564772     
   28.649999999999999       -14.238299712197568     
   28.680000000000000       -14.243050646866825     
   28.709999999999997       -14.248620499719422     
   28.739999999999998       -14.255010207410653     
   28.770000000000000       -14.262221824991066     
   28.799999999999997       -14.270258525477614     
   28.829999999999998       -14.279124606730203     
   28.859999999999999       -14.288825506418485     
   28.890000000000001       -14.299367825441054     
   28.919999999999998       -14.310759359751293     
   28.949999999999999       -14.323009141564770     
   28.980000000000000       -14.336127490042628     
   29.009999999999998       -14.350126072671852     
   29.039999999999999       -14.365017977951688     
   29.070000000000000       -14.380817800589728     
   29.099999999999998       -14.397541740739399     
   29.129999999999999       -14.415207718391651     
   29.160000000000000       -14.433835505325886     
   29.189999999999998       -14.453446876409705     
   29.219999999999999       -14.474065783135211     
   29.250000000000000       -14.495718552459969     
   29.279999999999998       -14.518434114634717     
   29.309999999999999       -14.542244264570485     
   29.340000000000000       -14.567183962078746     
   29.369999999999997       -14.593291677282808     
   29.399999999999999       -14.620609789523520     
   29.430000000000000       -14.649185048273763     
   29.459999999999997       -14.679069108861771     
   29.489999999999998       -14.710319156297048     
   29.520000000000000       -14.742998634893585     
   29.549999999999997       -14.777178106045250     
   29.579999999999998       -14.812936261318029     
   29.609999999999999       -14.850361124747391     
   29.640000000000001       -14.889551488915625     
   29.669999999999998       -14.930618640697972     
   29.699999999999999       -14.973688450446092     
   29.730000000000000       -15.018903916778118     
   29.759999999999998       -15.066428296032555     
   29.789999999999999       -15.116448981579012     
   29.820000000000000       -15.169182361182600     
   29.849999999999998       -15.224879961853159     
   29.879999999999999       -15.283836317657180     
   29.910000000000000       -15.346399170272800     
   29.939999999999998       -15.412982889671598     
   29.969999999999999       -15.484086415163393     
   30.000000000000000       -15.560317673177714     
