        a                          b                     excentricidade                v0y                      v0y esperado
  0.39000000000000001      -0.38885382033707339        7.6610750952414236E-002   10.061148632539165        10.061148632539163     
  0.71999999999999997      -0.71968631261329707        2.9515488096399565E-002   7.4048048969306119        7.4048048969306102     
   1.0000000000000000      -0.99985421388439422        1.7074863912196030E-002   6.2831853071795862        6.2831853071795862     
   1.5200000000000000       -1.5199396452136567        8.9113756459685278E-003   5.0963362487929960        5.0963362487929960     
   5.2000000000000002       -5.1999954206630736        1.3271332479395516E-003   2.7553590302269777        2.7553590302269777     
   9.2400000000000002       -9.2399999362922145        1.1742897399004141E-004   2.0670162113025627        2.0670162113025627     
   19.190000000000001       -19.189999919254408        9.1735393123783582E-005   1.4343078687082951        1.4343078687082953     
   30.059999999999999       -30.059999884902933        8.7508982555376663E-005   1.1460020123254904        1.1460020123254901     
   39.530000000000001       -39.529999994362839        1.6888140644875342E-005  0.99934734082975984       0.99934734082975973     
