     Período(T)                   Raio                       T²/R³ 
  0.24657534246575341       0.39000000000000001        1.0249565824121036     
  0.61369863013698633       0.71999999999999997        1.0090503060485618     
   1.0027397260273974        1.0000000000000000        1.0054869581535000     
   1.8767123287671232        1.5200000000000000        1.0029162086727175     
   11.860273972602739        5.2000000000000002        1.0004131962989156     
   28.087671232876712        9.2400000000000002        1.0000358114833778     
   84.065753424657530        19.190000000000001        1.0000306134031456     
   164.81095890410958        30.059999999999999        1.0000120740364298     
   248.53698630136986        39.530000000000001        1.0000037134736346     
