  0.10000000000000001       0.26179938779914941     
  0.20000000000000001       0.25918139392115791     
  0.30000000000000004       0.25394540616517491     
  0.40000000000000002       0.24611760446998035     
  0.50000000000000000       0.23575034871313402     
  0.60000000000000009       0.22292191691158791     
  0.70000000000000007       0.20773598162291046     
  0.80000000000000004       0.19032082716511711     
  0.90000000000000002       0.17082831289109468     
   1.0000000000000000       0.14943259034542106     
   1.1000000000000001       0.12632858467083649     
   1.2000000000000002       0.10173025309279771     
   1.3000000000000000        7.5868635668050563E-002
   1.4000000000000001        4.8989715712375440E-002
   1.5000000000000000        2.1352109400019817E-002
   1.6000000000000001       -6.7753940694595602E-003
   1.7000000000000002       -3.5116418632939135E-002
   1.8000000000000000       -6.3389689255724108E-002
   1.9000000000000001       -9.1311795692179690E-002
   2.0000000000000000      -0.11860000523607804     
   2.1000000000000001      -0.14497509682305459     
   2.2000000000000002      -0.17016418835767036     
   2.3000000000000003      -0.19390352892405557     
   2.4000000000000004      -0.21594122760686410     
   2.5000000000000000      -0.23603989100043204     
   2.6000000000000001      -0.25397914211793138     
   2.7000000000000002      -0.26955799432542638     
   2.8000000000000003      -0.28259705511174205     
   2.9000000000000004      -0.29294053595480346     
   3.0000000000000000      -0.30045804624674743     
   3.1000000000000001      -0.30504615117914341     
   3.2000000000000002      -0.30662967564907190     
   3.3000000000000003      -0.30516273860720894     
   3.4000000000000004      -0.30062950480885525     
   3.5000000000000000      -0.29304464362442950     
   3.6000000000000001      -0.28245348739191517     
   3.7000000000000002      -0.26893188472315654     
   3.8000000000000003      -0.25258574718047877     
   3.9000000000000004      -0.23355029079056944     
   4.0000000000000000      -0.21198897692885532     
   4.1000000000000005      -0.18809216015923552     
   4.2000000000000002      -0.16207545362032716     
   4.2999999999999998      -0.13417782547982643     
   4.4000000000000004      -0.10465944280312245     
   4.5000000000000000       -7.3799281871620201E-002
   4.6000000000000005       -4.1892526512086727E-002
   4.7000000000000002       -9.2477783338370464E-003
   4.8000000000000007        2.3815895109533497E-002
   4.9000000000000004        5.6972046336242414E-002
   5.0000000000000000        8.9890038611855988E-002
   5.1000000000000005       0.12223831042410715     
   5.2000000000000002       0.15368768185023976     
   5.3000000000000007       0.18391467017213128     
   5.4000000000000004       0.21260478167552041     
   5.5000000000000000       0.23945574647718823     
   5.6000000000000005       0.26418066346210084     
   5.7000000000000002       0.28651102298224157     
   5.8000000000000007       0.30619957586776131     
   5.9000000000000004       0.32302301852345860     
   6.0000000000000000       0.33678446542047830     
   6.1000000000000005       0.34731568213226338     
   6.2000000000000002       0.35447905418984371     
   6.3000000000000007       0.35816926942610139     
   6.4000000000000004       0.35831469412046063     
   6.5000000000000000       0.35487842612055887     
   6.6000000000000005       0.34785901117945250     
   6.7000000000000002       0.33729081197714056     
   6.8000000000000007       0.32324402266303409     
   6.9000000000000004       0.30582432522915620     
   7.0000000000000000       0.28517218756864798     
   7.1000000000000005       0.26146180665584817     
   7.2000000000000002       0.23489970386736189     
   7.3000000000000007       0.20572298301231715     
   7.4000000000000004       0.17419726511859879     
   7.5000000000000000       0.14061431739475724     
   7.6000000000000005       0.10528939701972972     
   7.7000000000000002        6.8558333470754629E-002
   7.8000000000000007        3.0774375951582229E-002
   7.9000000000000004       -7.6951649022977131E-003
   8.0000000000000000       -4.6472449515693480E-002
   8.0999999999999996       -8.5172782480066267E-002
   8.2000000000000011      -0.12340839094928212     
   8.3000000000000007      -0.16079227159369730     
   8.4000000000000004      -0.19694206832861966     
   8.5000000000000000      -0.23148394234760505     
   8.5999999999999996      -0.26405639568330425     
   8.7000000000000011      -0.29431400959552739     
   8.8000000000000007      -0.32193105955091750     
   8.9000000000000004      -0.34660496941035235     
   9.0000000000000000      -0.36805956867427803     
   9.0999999999999996      -0.38604811824410012     
   9.2000000000000011      -0.40035607212717950     
   9.3000000000000007      -0.41080354482781783     
   9.4000000000000004      -0.41724745680718439     
   9.5000000000000000      -0.41958333333827275     
   9.6000000000000014      -0.41774673530128925     
   9.7000000000000011      -0.41171430393092306     
   9.8000000000000007      -0.40150440520754399     
   9.9000000000000004      -0.38717736344485565     
   10.000000000000000      -0.36883527763009188     
   10.100000000000001      -0.34662141818087955     
   10.200000000000001      -0.32071920595536629     
   10.300000000000001      -0.29135077954804428     
   10.400000000000000      -0.25877516108116860     
   10.500000000000000      -0.22328603481881246     
   10.600000000000001      -0.18520915694564463     
   10.700000000000001      -0.14489941872428869     
   10.800000000000001      -0.10273758893347629     
   10.900000000000000       -5.9126764955420998E-002
   11.000000000000000       -1.4488565088030946E-002
   11.100000000000001        3.0740902428913315E-002
   11.200000000000001        7.6115255596737888E-002
   11.300000000000001       0.12118219974027333     
   11.400000000000000       0.16548799132784139     
   11.500000000000000       0.20858196091800671     
   11.600000000000001       0.25002105059489360     
   11.700000000000001       0.28937432066260044     
   11.800000000000001       0.32622738022435832     
   11.900000000000000       0.36018669657949021     
   12.000000000000000       0.39088373913237850     
   12.100000000000001       0.41797891471947191     
   12.200000000000001       0.44116525291524156     
   12.300000000000001       0.46017180196381646     
   12.400000000000000       0.47476669848323894     
   12.500000000000000       0.48475987698302325     
   12.600000000000001       0.49000538849797520     
   12.700000000000001       0.49040330124309689     
   12.800000000000001       0.48590116010323886     
   12.900000000000000       0.47649498595094986     
   13.000000000000000       0.46222980019762844     
   13.100000000000001       0.44319966458479754     
   13.200000000000001       0.41954723096999036     
   13.300000000000001       0.39146280070933520     
   13.400000000000000       0.35918289813898013     
   13.500000000000000       0.32298836756153171     
   13.600000000000001       0.28320200800269346     
   13.700000000000001       0.24018576476823991     
   13.800000000000001       0.19433750145375944     
   13.900000000000000       0.14608738049159659     
   14.000000000000000        9.5893884514896111E-002
   14.100000000000001        4.4239514733279681E-002
   14.200000000000001       -8.3737938934857065E-003
   14.300000000000001       -6.1429497667583891E-002
   14.400000000000000      -0.11440146350274721     
   14.500000000000000      -0.16675913436123468     
   14.600000000000001      -0.21797279058469471     
   14.700000000000001      -0.26751885546454235     
   14.800000000000001      -0.31488519243854307     
   14.900000000000000      -0.35957634085789836     
   15.000000000000000      -0.40111863735286823     
   15.100000000000001      -0.43906517043925913     
   15.200000000000001      -0.47300051715212132     
   15.300000000000001      -0.50254521216059089     
   15.400000000000000      -0.52735990199753924     
   15.500000000000000      -0.54714913971288170     
   15.600000000000001      -0.56166477840824880     
   15.700000000000001      -0.57070892570648712     
   15.800000000000001      -0.57413642522064290     
   15.900000000000000      -0.57185683547773380     
   16.000000000000000      -0.56383588148261832     
   16.100000000000001      -0.55009635913272548     
   16.199999999999999      -0.53071847796800642     
   16.300000000000001      -0.50583963321196013     
   16.400000000000002      -0.47565360367623377     
   16.500000000000000      -0.44040917780838784     
   16.600000000000001      -0.40040821590377956     
   16.699999999999999      -0.35600316222108741     
   16.800000000000001      -0.30759402637935745     
   16.900000000000002      -0.25562485891541664     
   17.000000000000000      -0.20057975118768223     
   17.100000000000001      -0.14297839487079364     
   17.199999999999999       -8.3371241042028227E-002
   17.300000000000001       -2.2334303264554878E-002
   17.400000000000002        3.9536346923338753E-002
   17.500000000000000       0.10163034014387794     
   17.600000000000001       0.16332896989518372     
   17.699999999999999       0.22401129624505073     
   17.800000000000001       0.28306033289596588     
   17.900000000000002       0.33986925658443057     
   18.000000000000000       0.39384757694393557     
   18.100000000000001       0.44442720473759628     
   18.199999999999999       0.49106835676181765     
   18.300000000000001       0.53326523673866300     
   18.400000000000002       0.57055143314789025     
   18.500000000000000       0.60250497718973084     
   18.600000000000001       0.62875300690009250     
   18.699999999999999       0.64897598683855684     
   18.800000000000001       0.66291143670802033     
   18.900000000000002       0.67035712670909819     
   19.000000000000000       0.67117370234309581     
   19.100000000000001       0.66528670671000245     
   19.200000000000003       0.65268797405347823     
   19.300000000000001       0.63343637432985389     
   19.400000000000002       0.60765789486569477     
   19.500000000000000       0.57554505165823711     
   19.600000000000001       0.53735562950212257     
   19.700000000000003       0.49341075682942565     
   19.800000000000001       0.44409232786170749     
   19.900000000000002       0.38983979132569507     
   20.000000000000000       0.33114633151106554     
   20.100000000000001       0.26855447378317909     
   20.200000000000003       0.20265115274018197     
   20.300000000000001       0.13406228695935307     
   20.400000000000002        6.3446909651122360E-002
   20.500000000000000       -8.5090905267018874E-003
   20.600000000000001       -8.1099559801037363E-002
   20.700000000000003      -0.15360493817010581     
   20.800000000000001      -0.22529932094116389     
   20.900000000000002      -0.29545765433052090     
   21.000000000000000      -0.36336299451046628     
   21.100000000000001      -0.42831375814710648     
   21.200000000000003      -0.48963089183864200     
   21.300000000000001      -0.54666488794870649     
   21.400000000000002      -0.59880257514038449     
   21.500000000000000      -0.64547361345257548     
   21.600000000000001      -0.68615662601336258     
   21.700000000000003      -0.72038490243962394     
   21.800000000000001      -0.74775161260575163     
   21.900000000000002      -0.76791447374748312     
   22.000000000000000      -0.78059981876315709     
   22.100000000000001      -0.78560601904135619     
   22.200000000000003      -0.78280622113192377     
   22.300000000000001      -0.77215036303207774     
   22.400000000000002      -0.75366644272091254     
   22.500000000000000      -0.72746101877942659     
   22.600000000000001      -0.69371893041073140     
   22.700000000000003      -0.65270223185424203     
   22.800000000000001      -0.60474834399364530     
   22.900000000000002      -0.55026743381450616     
   23.000000000000000      -0.48973904019543057     
   23.100000000000001      -0.42370797223820988     
   23.200000000000003      -0.35277951387903494     
   23.300000000000001      -0.27761397579747787     
   23.400000000000002      -0.19892064257713046     
   23.500000000000000      -0.11745116959880827     
   23.600000000000001       -3.3992490194714772E-002
   23.700000000000003        5.0640700905366806E-002
   23.800000000000001       0.13561381690739555     
   23.900000000000002       0.22008052590037061     
   24.000000000000000       0.30319109672427169     
   24.100000000000001       0.38410086228916912     
   24.200000000000003       0.46197871688682379     
   24.300000000000001       0.53601556286158680     
   24.400000000000002       0.60543262166748157     
   24.500000000000000       0.66948952484476043     
   24.600000000000001       0.72749210180536450     
   24.700000000000003       0.77879978351752099     
   24.800000000000001       0.82283254421162377     
   24.900000000000002       0.85907730707055141     
   25.000000000000000       0.88709374448736278     
   25.100000000000001       0.90651940883346860     
   25.200000000000003       0.91707413573470087     
   25.300000000000001       0.91856366854759841     
   25.400000000000002       0.91088246000314899     
   25.500000000000000       0.89401561477322355     
   25.600000000000001       0.86803994494326664     
   25.700000000000003       0.83312411896557748     
   25.800000000000001       0.78952789353845565     
   25.900000000000002       0.73760042692167804     
   26.000000000000000       0.67777768136951588     
   26.100000000000001       0.61057893154813692     
   26.200000000000003       0.53660240491306277     
   26.300000000000001       0.45652008896250729     
   26.400000000000002       0.37107174896282114     
   26.500000000000000       0.28105820807350995     
   26.600000000000001       0.18733394969457054     
   26.700000000000003        9.0799109234896022E-002
   26.800000000000001       -7.6090707217241899E-003
   26.900000000000002      -0.10692524177069336     
   27.000000000000000      -0.20616532211244529     
   27.100000000000001      -0.30433615003649028     
   27.200000000000003      -0.40044532473941086     
   27.300000000000001      -0.49351113794196649     
   27.400000000000002      -0.58257249789712806     
   27.500000000000000      -0.66669874647286997     
   27.600000000000001      -0.74499927006964062     
   27.700000000000003      -0.81663280620168255     
   27.800000000000001      -0.88081634963302802     
   27.900000000000002      -0.93683356500235671     
   28.000000000000000      -0.98404261687535510     
   28.100000000000001       -1.0218833330983299     
   28.200000000000003       -1.0498836231525512     
   28.300000000000001       -1.0676650798757892     
   28.400000000000002       -1.0749477003675016     
   28.500000000000000       -1.0715536700604562     
   28.600000000000001       -1.0574101627497356     
   28.700000000000003       -1.0325511187384107     
   28.800000000000001      -0.99711797309958827     
   28.900000000000002      -0.95135931627338177     
   29.000000000000000      -0.89562947971617934     
   29.100000000000001      -0.83038604999624310     
   29.200000000000003      -0.75618632547914510     
   29.300000000000001      -0.67368274046208465     
   29.400000000000002      -0.58361729219023273     
   29.500000000000000      -0.48681501651376002     
   29.600000000000001      -0.38417656791538496     
   29.700000000000003      -0.27666996915187231     
   29.800000000000001      -0.16532160470920582     
   29.900000000000002       -5.1206540575020595E-002
   30.000000000000000        6.4561739606256677E-002
   30.100000000000001       0.18084208519328415     
   30.200000000000003       0.29647681338424903     
   30.300000000000001       0.41030312072328107     
   30.400000000000002       0.52116465992847061     
   30.500000000000000       0.62792316792642733     
   30.600000000000001       0.72947002932509941     
   30.700000000000003       0.82473765904450724     
   30.800000000000001       0.91271058847066400     
   30.900000000000002       0.99243614130637570     
   31.000000000000000        1.0630345882573808     
   31.100000000000001        1.1237086737953221     
   31.200000000000003        1.1737524134506896     
   31.300000000000001        1.2125590663681038     
   31.400000000000002        1.2396281951510113     
   31.500000000000000        1.2545717332702377     
   31.600000000000001        1.2571189894379540     
   31.700000000000003        1.2471205282729678     
   31.800000000000001        1.2245508772136022     
   31.900000000000002        1.1895100208715068     
   32.000000000000000        1.1422236557572754     
   32.100000000000001        1.0830421904343288     
   32.200000000000003        1.0124384885538096     
   32.300000000000004       0.93100436476894710     
   32.399999999999999       0.83944585609854649     
   32.500000000000000       0.73857730378045638     
   32.600000000000001       0.62931429290138086     
   32.700000000000003       0.51266550898450070     
   32.800000000000004       0.38972358213860675     
   32.899999999999999       0.26165500020286780     
   33.000000000000000       0.12968918244574282     
   33.100000000000001       -4.8931853134108472E-003
   33.200000000000003      -0.14077244489702195     
   33.300000000000004      -0.27660277262749894     
   33.399999999999999      -0.41102537590900567     
   33.500000000000000      -0.54268195146423748     
   33.600000000000001      -0.67022827326037926     
   33.700000000000003      -0.79234777554187863     
   33.800000000000004      -0.90776499509077424     
   33.899999999999999       -1.0152587368842509     
   34.000000000000000       -1.1136748287268199     
   34.100000000000001       -1.2019383332005464     
   34.200000000000003       -1.2790650893870048     
   34.300000000000004       -1.3441724622414577     
   34.399999999999999       -1.3964891842020406     
   34.500000000000000       -1.4353641815402089     
   34.600000000000001       -1.4602742870363568     
   34.700000000000003       -1.4708307507171026     
   34.800000000000004       -1.4667844715274847     
   34.899999999999999       -1.4480298848306958     
   35.000000000000000       -1.4146074534186321     
   35.100000000000001       -1.3667047231582614     
   35.200000000000003       -1.3046559183637045     
   35.300000000000004       -1.2289400663375649     
   35.399999999999999       -1.1401776551277882     
   35.500000000000000       -1.0391258432546360     
   35.600000000000001      -0.92667225483020577     
   35.700000000000003      -0.80382740797322927     
   35.800000000000004      -0.67171583856795070     
   35.899999999999999      -0.53156599508293978     
   36.000000000000000      -0.38469899321224937     
   36.100000000000001      -0.23251633139072958     
   36.200000000000003       -7.6486679637087301E-002
   36.300000000000004        8.1868135430462258E-002
   36.399999999999999       0.24098781729438271     
   36.500000000000000       0.39928881780399850     
   36.600000000000001       0.55517994014067051     
   36.700000000000003       0.70707817429930253     
   36.800000000000004       0.85342460905652784     
   36.899999999999999       0.99270026207076012     
   37.000000000000000        1.1234416689944271     
   37.100000000000001        1.2442560732973864     
   37.200000000000003        1.3538360609104014     
   37.300000000000004        1.4509734877904428     
   37.399999999999999        1.5345725540613799     
   37.500000000000000        1.6036618854544127     
   37.600000000000001        1.6574054913068317     
   37.700000000000003        1.6951124783047065     
   37.800000000000004        1.7162454103895131     
   37.899999999999999        1.7204272176912725     
   38.000000000000000        1.7074465708891369     
   38.100000000000001        1.6772616519100885     
   38.200000000000003        1.6300022672221488     
   38.300000000000004        1.5659702660151082     
   38.400000000000006        1.4856382421358461     
   38.500000000000000        1.3896465155964328     
   38.600000000000001        1.2787984066356612     
   38.700000000000003        1.1540538325189253     
   38.800000000000004        1.0165212743358327     
   38.900000000000006       0.86744817782755090     
   39.000000000000000       0.70820986857591073     
   39.100000000000001       0.54029707754599499     
   39.200000000000003       0.36530218783032020     
   39.300000000000004       0.18490432733918544     
   39.400000000000006        8.5344496974745776E-004
   39.500000000000000      -0.18504648067308238     
   39.600000000000001      -0.37095494076560970     
   39.700000000000003      -0.55501293605140622     
   39.800000000000004      -0.73536138192954659     
   39.900000000000006      -0.91015969844717293     
   40.000000000000000       -1.0776044011455037     
   40.100000000000001       -1.2359475068593628     
   40.200000000000003       -1.3835145685617669     
   40.300000000000004       -1.5187221551955774     
   40.400000000000006       -1.6400945961437703     
   40.500000000000000       -1.7462798155400072     
   40.600000000000001       -1.8360640889748066     
   40.700000000000003       -1.9083855642542058     
   40.800000000000004       -1.9623463986438570     
   40.900000000000006       -1.9972233773909660     
   41.000000000000000       -2.0124768921516365     
   41.100000000000001       -2.0077581731383973     
   41.200000000000003       -1.9829146852036419     
   41.300000000000004       -1.9379936155375024     
   41.400000000000006       -1.8732433990193265     
   41.500000000000000       -1.7891132463457755     
   41.600000000000001       -1.6862506596820312     
   41.700000000000003       -1.5654969405548294     
   41.800000000000004       -1.4278807148308070     
   41.900000000000006       -1.2746095197012366     
   42.000000000000000       -1.1070595174233580     
   42.100000000000001      -0.92676341994846689     
   42.200000000000003      -0.73539672729934225     
   42.300000000000004      -0.53476240045073298     
   42.400000000000006      -0.32677410632913029     
   42.500000000000000      -0.11343818820302023     
   42.600000000000001       0.10316547098638112     
   42.700000000000003       0.32090351205781265     
   42.800000000000004       0.53760989841938045     
   42.900000000000006       0.75110724966037012     
   43.000000000000000       0.95922850191716591     
   43.100000000000001        1.1598386816773580     
   43.200000000000003        1.3508565764183784     
   43.300000000000004        1.5302760843426253     
   43.400000000000006        1.6961870265026884     
   43.500000000000000        1.8467952078193253     
   43.600000000000001        1.9804415188709352     
   43.700000000000003        2.0956198778443520     
   43.800000000000004        2.1909938216290592     
   43.900000000000006        2.2654115666353229     
   44.000000000000000        2.3179193734252963     
   44.100000000000001        2.3477730645489161     
   44.200000000000003        2.3544475619382830     
   44.300000000000004        2.3376443286821607     
   44.400000000000006        2.2972966198066556     
   44.500000000000000        2.2335724676443292     
   44.600000000000001        2.1468753492839361     
   44.700000000000003        2.0378425062470997     
   44.800000000000004        1.9073409097174239     
   44.900000000000006        1.7564608881252770     
   45.000000000000000        1.5865074574359559     
   45.100000000000001        1.3989894178653821     
   45.200000000000003        1.1956063037204487     
   45.300000000000004       0.97823329539686155     
   45.400000000000006       0.74890422403606993     
   45.500000000000000       0.50979281972130963     
   45.600000000000001       0.26319237316618860     
   45.700000000000003        1.1493998413854511E-002
   45.800000000000004      -0.24283630007014145     
   45.900000000000006      -0.49728153853827600     
   46.000000000000000      -0.74929841400570907     
   46.100000000000001      -0.99634247408775944     
   46.200000000000003       -1.2358935500297528     
   46.300000000000004       -1.4654812012308684     
   46.400000000000006       -1.6827099169316866     
   46.500000000000000       -1.8852838206201961     
   46.600000000000001       -2.0710306251393886     
   46.700000000000003       -2.2379245914523791     
   46.800000000000004       -2.3841082515139758     
   46.900000000000006       -2.5079126656610486     
   47.000000000000000       -2.6078759972929819     
   47.100000000000001       -2.6827602022683048     
   47.200000000000003       -2.7315656472706977     
   47.300000000000004       -2.7535434902504075     
   47.400000000000006       -2.7482056767574101     
   47.500000000000000       -2.7153324283619087     
   47.600000000000001       -2.6549771231988335     
   47.700000000000003       -2.5674684937521390     
   47.800000000000004       -2.4534100930734564     
   47.900000000000006       -2.3136770074572524     
   48.000000000000000       -2.1494098209103134     
   48.100000000000001       -1.9620058642888021     
   48.200000000000003       -1.7531078094581876     
   48.300000000000004       -1.5245896959846852     
   48.400000000000006       -1.2785405044166009     
   48.500000000000000       -1.0172454158886697     
   48.600000000000001      -0.74316492231657250     
   48.700000000000003      -0.45891197458558863     
   48.800000000000004      -0.16722737763143902     
   48.900000000000006       0.12904633906856650     
   49.000000000000000       0.42699232954488642     
   49.100000000000001       0.72364785663052067     
   49.200000000000003        1.0160334604207060     
   49.300000000000004        1.3011825856445860     
   49.400000000000006        1.5761713762642591     
   49.500000000000000        1.8381483410274864     
   49.600000000000001        2.0843635920280708     
   49.700000000000003        2.3121973596183807     
   49.800000000000004        2.5191874912884096     
   49.900000000000006        2.7030556493622546     
   50.000000000000000        2.8617319325232158     
   50.100000000000001        2.9933776591905543     
   50.200000000000003        3.0964060665326607     
   50.300000000000004        3.1695006972828614     
   50.400000000000006        3.2116312673677356     
   50.500000000000000        3.2220668304797813     
   50.600000000000001        3.2003860809181495     
   50.700000000000003        3.1464846630517198     
   50.800000000000004        3.0605793843761089     
   50.900000000000006        2.9432092590699805     
   51.000000000000000        2.7952333399200913     
   51.100000000000001        2.6178253281795021     
   51.200000000000003        2.4124649830397122     
   51.300000000000004        2.1809263846181270     
   51.400000000000006        1.9252631363661448     
   51.500000000000000        1.6477906242679814     
   51.600000000000001        1.3510654808061564     
   51.700000000000003        1.0378624311016518     
   51.800000000000004       0.71114872658908546     
   51.900000000000006       0.37405639776550265     
   52.000000000000000        2.9852581676029000E-002
   52.100000000000001      -0.31809179839109969     
   52.200000000000003      -0.66633470427498864     
   52.300000000000004       -1.0113966921749666     
   52.400000000000006       -1.3497953330321948     
   52.500000000000000       -1.6780800069676731     
   52.600000000000001       -1.9928667275728296     
   52.700000000000003       -2.2908726481083095     
   52.800000000000004       -2.5689499013680610     
   52.900000000000006       -2.8241184281467295     
   53.000000000000000       -3.0535974559117172     
   53.100000000000001       -3.2548352993952374     
   53.200000000000003       -3.4255371683196407     
   53.300000000000004       -3.5636906842500915     
   53.400000000000006       -3.6675888284973461     
   53.500000000000000       -3.7358500659020999     
   53.600000000000001       -3.7674354150218798     
   53.700000000000003       -3.7616622634826391     
   53.800000000000004       -3.7182147577931794     
   53.900000000000006       -3.6371506294688936     
   54.000000000000000       -3.5189043535666755     
   54.100000000000001       -3.3642865713697687     
   54.200000000000003       -3.1744797456371954     
   54.300000000000004       -2.9510300541909240     
   54.400000000000006       -2.6958355652882808     
   54.500000000000000       -2.4111307758437284     
   54.600000000000001       -2.0994676307462932     
   54.700000000000003       -1.7636931778904206     
   54.800000000000004       -1.4069240487270851     
   54.900000000000006       -1.0325179877848454     
   55.000000000000000      -0.64404268635533479     
   55.100000000000001      -0.24524220504797584     
   55.200000000000003       0.15999870312293646     
   55.300000000000004       0.56769203334432849     
   55.400000000000006       0.97378537653449126     
   55.500000000000000        1.3742017993912108     
   55.600000000000001        1.7648803684825853     
   55.700000000000003        2.1418169195800481     
   55.800000000000004        2.5011046669926849     
   55.900000000000006        2.8389742452095210     
   56.000000000000000        3.1518327767564305     
   56.100000000000001        3.4363015658512444     
   56.200000000000003        3.6892520271784939     
   56.300000000000004        3.9078394728472312     
   56.400000000000006        4.0895343982441839     
   56.500000000000000        4.2321509289126640     
   56.600000000000001        4.3338721155987026     
   56.700000000000003        4.3932717929956144     
   56.800000000000004        4.4093327492365386     
   56.900000000000006        4.3814609875475075     
   57.000000000000000        4.3094958983661105     
   57.100000000000001        4.1937161993092387     
   57.200000000000003        4.0348415412687055     
   57.300000000000004        3.8340297212350798     
   57.400000000000006        3.5928694857887673     
   57.500000000000000        3.3133689531301038     
   57.600000000000001        2.9979397256135529     
   57.700000000000003        2.6493768085657008     
   57.800000000000004        2.2708344942617131     
   57.900000000000006        1.8657984118720685     
   58.000000000000000        1.4380539845398066     
   58.100000000000001       0.99165157308882401     
   58.200000000000003       0.53086862179244343     
   58.300000000000004        6.0169154765174593E-002
   58.400000000000006      -0.41583899848001860     
   58.500000000000000      -0.89244884327286356     
   58.600000000000001       -1.3649002980809084     
   58.700000000000003       -1.8284272644562245     
   58.800000000000004       -2.2783052278507316     
   58.900000000000006       -2.7098989186006763     
   59.000000000000000       -3.1187095570721137     
   59.100000000000001       -3.5004212063575446     
   59.200000000000003       -3.8509457600722543     
   59.300000000000004       -4.1664661017233886     
   59.400000000000006       -4.4434769857737999     
   59.500000000000000       -4.6788232088069774     
   59.600000000000001       -4.8697346619824176     
   59.700000000000003       -5.0138578830697877     
   59.800000000000004       -5.1092837575373338     
   59.900000000000006       -5.1545710531741813     
   60.000000000000000       -5.1487655112356556     
   60.100000000000001       -5.0914142587653881     
   60.200000000000003       -4.9825753511827644     
   60.300000000000004       -4.8228223010124864     
   60.400000000000006       -4.6132434973303811     
   60.500000000000000       -4.3554364706381508     
   60.600000000000001       -4.0514970089726168     
   60.700000000000003       -3.7040031826007014     
   60.800000000000004       -3.3159943861390597     
   60.900000000000006       -2.8909455578514112     
   61.000000000000000       -2.4327367857023718     
   61.100000000000001       -1.9456185579748184     
   61.200000000000003       -1.4341729623902415     
   61.300000000000004      -0.90327118122591632     
   61.400000000000006      -0.35802767043768868     
   61.500000000000000       0.19624855216279813     
   61.600000000000001       0.75410505146766182     
   61.700000000000003        1.3099990652508975     
   61.800000000000004        1.8583520285194566     
   61.900000000000006        2.3936050011355068     
   62.000000000000000        2.9102744534663625     
   62.100000000000001        3.4030078557858632     
   62.200000000000003        3.8666385135707002     
   62.300000000000004        4.2962390927976788     
   62.400000000000006        4.6871732868889504     
   62.500000000000000        5.0351450900522448     
   62.600000000000001        5.3362451603466496     
   62.700000000000003        5.5869937797405322     
   62.800000000000004        5.7843799475309483     
   62.900000000000006        5.9258961775239589     
   63.000000000000000        6.0095686080416604     
   63.100000000000001        6.0339820767841221     
   63.200000000000003        5.9982998594461669     
   63.300000000000004        5.9022778213403706     
   63.400000000000006        5.7462727846401123     
   63.500000000000000        5.5312449697264503     
   63.600000000000001        5.2587544269663873     
   63.700000000000003        4.9309514345090601     
   63.800000000000004        4.5505608977820691     
   63.900000000000006        4.1208608467099870     
   64.000000000000000        3.6456551866600844     
   64.100000000000009        3.1292409181430818     
   64.200000000000003        2.5763700977594786     
   64.299999999999997        1.9922068681944447     
   64.400000000000006        1.3822799376518158     
   64.500000000000000       0.75243093842724251     
   64.600000000000009       0.10875913982615115     
   64.700000000000003      -0.54243696815921272     
   64.799999999999997       -1.1947206675428381     
   64.900000000000006       -1.8415799972448714     
   65.000000000000000       -2.4764921202714762     
   65.100000000000009       -3.0929884433256323     
   65.200000000000003       -3.6847198451770735     
   65.299999999999997       -4.2455213625952588     
   65.400000000000006       -4.7694756815616728     
   65.500000000000000       -5.2509747869021348     
   65.600000000000009       -5.6847791354269797     
   65.700000000000003       -6.0660737360828030     
   65.799999999999997      -0.10733523820477053     
   65.900000000000006      -0.37112131014549643     
   66.000000000000000      -0.57100217663237895     
   66.100000000000009      -0.70433997694601036     
   66.200000000000003      -0.76913590242152186     
   66.299999999999997      -0.76405657505577729     
   66.400000000000006      -0.68845403559402207     
   66.500000000000000      -0.54237907730991353     
   66.600000000000009      -0.32658772559806870     
   66.700000000000003       -4.2540730041328523E-002
   66.799999999999997       -5.9755813113363985     
   66.900000000000006       -5.5621793250796729     
   67.000000000000000       -5.0890215257095832     
   67.100000000000009       -4.5602419330886965     
   67.200000000000003       -3.9805721252107142     
   67.299999999999997       -3.3552998980018449     
   67.400000000000006       -2.6902219495408684     
   67.500000000000000       -1.9915910020998735     
   67.600000000000009       -1.2660578351634699     
   67.700000000000003      -0.52060875820606745     
   67.799999999999997       0.23750089710296962     
   67.900000000000006        1.0008166399940674     
   68.000000000000000        1.7617573739141354     
   68.100000000000009        2.5126899414342629     
   68.200000000000003        3.2460049352152489     
   68.299999999999997        3.9541930295818926     
   68.400000000000006        4.6299210745963837     
   68.500000000000000        5.2661071893150559     
   68.600000000000009        5.8559940932877641     
   68.700000000000003       0.11003461818773541     
   68.799999999999997       0.58870050933441576     
   68.900000000000006        1.0034342012274227     
   69.000000000000000        1.3494490349552892     
   69.100000000000009        1.6225976735990857     
   69.200000000000003        1.8194199688215331     
   69.299999999999997        1.9371844342361939     
   69.400000000000006        1.9739228468908436     
   69.500000000000000        1.9284575621313351     
   69.600000000000009        1.8004211958311238     
   69.700000000000003        1.5902684008378021     
   69.799999999999997        1.2992795408143731     
   69.900000000000006       0.92955614371077111     
   70.000000000000000       0.48400809812722922     
   70.100000000000009        6.2495179452143699     
   70.200000000000003        5.6641705510688558     
   70.299999999999997        5.0163279774711977     
   70.400000000000006        4.3118436983628516     
   70.500000000000000        3.5571961394797933     
   70.600000000000009        2.7594301436131068     
   70.700000000000003        1.9260921863516223     
   70.799999999999997        1.0651599276540067     
   70.900000000000006       0.18496674709287486     
   71.000000000000000      -0.70587803274479699     
   71.100000000000009       -1.5985724800533978     
   71.200000000000003       -2.4842081470345505     
   71.299999999999997       -3.3538580892151693     
   71.400000000000006       -4.1986659499254424     
   71.500000000000000       -5.0099352297435642     
   71.600000000000009       -5.7792178500624312     
   71.700000000000003      -0.21521581090427677     
   71.799999999999997      -0.87660690042508449     
   71.900000000000006       -1.4730139787650529     
   72.000000000000000       -1.9978231350289750     
   72.100000000000009       -2.4450702984334498     
   72.200000000000003       -2.8095073774158390     
   72.299999999999997       -3.0866619003420990     
   72.400000000000006       -3.2728894964224047     
   72.500000000000000       -3.3654186204274925     
   72.600000000000009       -3.3623869963965607     
   72.700000000000003       -3.2628693330895580     
   72.799999999999997       -3.0668959467467936     
   72.900000000000006       -2.7754620140013380     
   73.000000000000000       -2.3905272687166192     
   73.100000000000009       -1.9150060502200912     
   73.200000000000003       -1.3527477059646005     
   73.299999999999997      -0.70850744813511302     
   73.400000000000006       -6.2710931673537704     
   73.500000000000000       -5.4805766518396943     
   73.600000000000009       -4.6273492046520808     
   73.700000000000003       -3.7193159909460700     
   73.799999999999997       -2.7650092851935386     
   73.900000000000006       -1.7735094195315464     
   74.000000000000000      -0.75435946101761875     
   74.100000000000009       0.28252559169162428     
   74.200000000000003        1.3269542390110434     
   74.299999999999997        2.3685576304135463     
   74.400000000000006        3.3968914794259391     
   74.500000000000000        4.4015397521341963     
   74.600000000000009        5.3722191100481940     
   74.700000000000003        1.5697763261263376E-002
   74.799999999999997       0.88863953255343731     
   74.900000000000006        1.6985924711412022     
   75.000000000000000        2.4368271613316370     
   75.100000000000009        3.0952440737388649     
   75.200000000000003        3.6664608614609797     
   75.299999999999997        4.1438933553739101     
   75.400000000000006        4.5218293876004356     
   75.500000000000000        4.7954946332014252     
   75.600000000000009        4.9611097318546147     
   75.700000000000003        5.0159380311039943     
   75.799999999999997        4.9583233799630317     
   75.900000000000006        4.7877174954392334     
   76.000000000000000        4.5046965240440091     
   76.100000000000009        4.1109665246225955     
   76.200000000000003        3.6093577068889466     
   76.299999999999997        3.0038073708372757     
   76.400000000000006        2.2993316046449195     
   76.500000000000000        1.5019859116723948     
   76.600000000000009       0.61881504958162470     
   76.700000000000003        5.9409777824819212     
   76.800000000000011        4.9109352046350194     
   76.900000000000006        3.8214828489632984     
   77.000000000000000        2.6829211412452274     
   77.100000000000009        1.5061446050375233     
   77.200000000000003       0.30253885741736686     
   77.300000000000011      -0.91612833625316470     
   77.400000000000006       -2.1378209184978698     
   77.500000000000000       -3.3503522173800433     
   77.600000000000009       -4.5415053070772382     
   77.700000000000003       -5.6991548746006329     
   77.800000000000011      -0.52820408187366841     
   77.900000000000006       -1.5834470475802842     
   78.000000000000000       -2.5705761193963674     
   78.100000000000009       -3.4790388676648512     
   78.200000000000003       -4.2989640016675761     
   78.300000000000011       -5.0212668939218563     
   78.400000000000006       -5.6377482930876646     
   78.500000000000000       -6.1411851702424585     
   78.600000000000009      -0.24222740421499367     
   78.700000000000003      -0.50221124059289579     
   78.800000000000011      -0.63410909678505512     
   78.900000000000006      -0.63532113442769500     
   79.000000000000000      -0.50452837495889113     
   79.100000000000009      -0.24171869800222012     
   79.200000000000003       -6.1313853383319543     
   79.300000000000011       -5.6097857783584875     
   79.400000000000006       -4.9640405119299054     
   79.500000000000000       -4.1993655346459420     
   79.600000000000009       -3.3222182991708848     
   79.700000000000003       -2.3402455552775727     
   79.800000000000011       -1.2622187753207550     
   79.900000000000006       -9.7957686739365890E-002
   80.000000000000000       -5.1414278645125595     
   80.100000000000009       -3.8379013051669775     
   80.200000000000003       -2.4829604671762695     
   80.300000000000011       -1.0896406161338921     
   80.400000000000006       0.32850883958024801     
   80.500000000000000        1.7575547014557269     
   80.600000000000009        3.1833154749354033     
   80.700000000000003        4.5915007014005225     
   80.800000000000011        5.9678527731162880     
   80.900000000000006        1.0151045306384621     
   81.000000000000000        2.2858630676090588     
   81.100000000000009        3.4836387062014751     
   81.200000000000003        4.5957238610460056     
   81.300000000000011        5.6101407757567241     
   81.400000000000006       0.23258329160560187     
   81.500000000000000        1.0192778538047023     
   81.600000000000009        1.6779828769441547     
   81.700000000000003        2.2008314154019679     
   81.800000000000011        2.5812364189467480     
   81.900000000000006        2.8139694021939174     
   82.000000000000000        2.8952263151080277     
   82.100000000000009        2.8226798278566072     
   82.200000000000003        2.5955173713105140     
   82.300000000000011        2.2144644103422628     
   82.400000000000006        1.6817925695173148     
   82.500000000000000        1.0013123784453519     
   82.600000000000009       0.17835055553462453     
   82.700000000000003        5.5028972098754387     
   82.800000000000011        4.4168113453377291     
   82.900000000000006        3.2128646556294687     
   83.000000000000000        1.9019179993960353     
   83.100000000000009       0.49601084353451075     
   83.200000000000003        5.2914379617868166     
   83.300000000000011        3.7358878113523950     
   83.400000000000006        2.1274232813001053     
   83.500000000000000       0.48159987313429142     
   83.600000000000009       -1.1854977678445233     
   83.700000000000003       -2.8574114075546810     
   83.800000000000011       -4.5174700695863930     
   83.900000000000006       -6.1489546175425582     
   84.000000000000000       -1.4520791576232739     
   84.100000000000009       -2.9768994587081501     
   84.200000000000003       -4.4243671151449977     
   84.300000000000011       -5.7792339239229680     
   84.400000000000006      -0.74383990129810584     
   84.500000000000000       -1.8710069935418048     
   84.600000000000009       -2.8650719806289313     
   84.700000000000003       -3.7147631916370472     
   84.800000000000011       -4.4101399766952838     
   84.900000000000006       -4.9427054236935568     
   85.000000000000000       -5.3055057647812838     
   85.100000000000009       -5.4932153454884833     
   85.200000000000003       -5.5022061624042813     
   85.300000000000011       -5.3306011197215994     
   85.400000000000006       -4.9783103092712864     
   85.500000000000000       -4.4470497814801639     
   85.600000000000009       -3.7403424444527360     
   85.700000000000003       -2.8635009034669157     
   85.800000000000011       -1.8235922318929756     
   85.900000000000006      -0.62938484514077508     
   86.000000000000000       -5.5744631371056386     
   86.100000000000009       -4.1043985672959167     
   86.200000000000003       -2.5157575130433436     
   86.300000000000011      -0.82324062004601473     
   86.400000000000006       -5.3259196060260425     
   86.500000000000000       -3.4743490255542282     
   86.600000000000009       -1.5695192490221535     
   86.700000000000003       0.37005401776546365     
   86.800000000000011        2.3253224770433025     
   86.900000000000006        4.2768903961434868     
   87.000000000000000        6.2052050904732381     
   87.100000000000009        1.8075655736619680     
   87.200000000000003        3.6310593131255509     
   87.300000000000011        5.3736455437807180     
   87.400000000000006       0.73390402105324881     
   87.500000000000000        2.2607794969957631     
   87.600000000000009        3.6546522265841510     
   87.700000000000003        4.9002534550589907     
   87.800000000000011        5.9836444551243986     
   87.900000000000006       0.60918390731603722     
   88.000000000000000        1.3324085159924266     
   88.100000000000009        1.8610457263802687     
   88.200000000000003        2.1878632923927981     
   88.300000000000011        2.3075748419261366     
   88.400000000000006        2.2169121993201593     
   88.500000000000000        1.9146782490795324     
   88.600000000000009        1.4017796176303179     
   88.700000000000003       0.68123864447492011     
   88.800000000000011        6.0413696231074177     
   88.900000000000006        4.9230073489001924     
   89.000000000000000        3.6185676723182993     
   89.100000000000009        2.1392342161038140     
   89.200000000000003       0.49805137702255387     
   89.300000000000011        4.9929977968162511     
   89.400000000000006        3.0741146895165450     
   89.500000000000000        1.0424697511768795     
   89.600000000000009        5.2004371200498394     
   89.700000000000003        3.0019626311596483     
   89.800000000000011       0.75148377106895881     
   89.900000000000006       -1.5290147153333273     
   90.000000000000000       -3.8170280394463028     
   90.100000000000009       -6.0897512164059453     
   90.200000000000003       -2.0411188057915375     
   90.300000000000011       -4.2147741901926565     
   90.400000000000006       -2.2001226284478648E-002
   90.500000000000000       -2.0074339745821650     
   90.600000000000009       -3.8669830044734148     
   90.700000000000003       -5.5807939884752500     
   90.800000000000011      -0.84708612910917580     
   90.900000000000006       -2.2150919308943422     
   91.000000000000000       -3.3861313121730277     
   91.100000000000009       -4.3465242149273848     
   91.200000000000003       -5.0845602453446226     
   91.300000000000011       -5.5906354743971995     
   91.400000000000006       -5.8573695417809439     
   91.500000000000000       -5.8797016952053269     
   91.600000000000009       -5.6549645939965139     
   91.700000000000003       -5.1829349166202583     
   91.800000000000011       -4.4658600340886494     
   91.900000000000006       -3.5084602431754526     
   92.000000000000000       -2.3179062927059810     
   92.100000000000009      -0.90377218058936748     
   92.200000000000003       -5.5611487535098938     
   92.300000000000011       -3.7378067382295512     
   92.400000000000006       -1.7331895292705184     
   92.500000000000000       -5.8487158539651851     
   92.600000000000009       -3.5380612700439684     
   92.700000000000003       -1.1060876745113033     
   92.800000000000011       -4.8590869203859892     
   92.900000000000006       -2.2550081292641799     
   93.000000000000000       0.39766153106148927     
   93.100000000000009        3.0728812726798003     
   93.200000000000003        5.7441243989874966     
   93.300000000000011        2.1014534053888081     
   93.400000000000006        4.6845264749798314     
   93.500000000000000       0.90056785026558472     
   93.600000000000009        3.2901174149093286     
   93.700000000000003        5.5449975949068246     
   93.800000000000011        1.3581275874320511     
   93.900000000000006        3.2733292050442024     
   94.000000000000000        4.9864539875666480     
   94.100000000000009       0.19516461164367627     
   94.200000000000003        1.4487004438092370     
   94.300000000000011        2.4489572175711771     
   94.400000000000006        3.1833995746078401     
   94.500000000000000        3.6420249471816071     
   94.600000000000009        3.8174889117221156     
   94.700000000000003        3.7052052145036214     
   94.800000000000011        3.3034192158807230     
   94.900000000000006        2.6132537528256066     
   95.000000000000000        1.6387266853244995     
   95.100000000000009       0.38673966800795156     
   95.200000000000003        5.1502232787305608     
   95.300000000000011        3.3753267733063232     
   95.400000000000006        1.3604324758793922     
   95.500000000000000        5.4064746586835959     
   95.600000000000009        2.9672316503340319     
   95.700000000000003       0.34826018925403979     
   95.800000000000011        3.8571380127067023     
   95.900000000000006       0.95368422094364647     
   96.000000000000000        4.2320125031613136     
   96.100000000000009        1.1547867829181624     
   96.200000000000003       -1.9647590623566020     
   96.300000000000011       -5.0958527754605480     
   96.400000000000006       -1.9241135907613423     
   96.500000000000000       -4.9846011854871168     
   96.600000000000009       -1.6798304840538965     
   96.700000000000003       -4.5455672248735937     
   96.800000000000011      -0.98565664752957360     
   96.900000000000006       -3.5378119989728134     
   97.000000000000000       -5.8916152247253706     
   97.100000000000009       -1.7383594640932252     
   97.200000000000003       -3.6208772991780265     
   97.300000000000011       -5.2346841273347096     
   97.400000000000006      -0.27776946303284333     
   97.500000000000000       -1.3003658523500334     
   97.600000000000009       -2.0060252816779141     
   97.700000000000003       -2.3845217871233189     
   97.800000000000011       -2.4287987743929591     
   97.900000000000006       -2.1350712784323918     
   98.000000000000000       -1.5028965293689112     
   98.100000000000009      -0.53521180216213082     
   98.200000000000003       -5.5215241514822679     
   98.300000000000011       -3.9051398102422183     
   98.400000000000006       -1.9822128152001603     
   98.500000000000000       -6.0520923169480838     
   98.600000000000009       -3.5676369710772349     
   98.700000000000003      -0.83416514282151866     
   98.800000000000011       -4.1597066928192277     
   98.900000000000006       -1.0052257249937497     
   99.000000000000000       -3.9666692912760730     
   99.100000000000009      -0.50921158698528224     
   99.200000000000003       -3.2324406438895203     
   99.300000000000011       0.39543957532747598     
   99.400000000000006        4.0556442009833678     
   99.500000000000000        1.4287091237063976     
   99.600000000000009        5.0444029115991817     
   99.700000000000003        2.2997924480035188     
   99.800000000000011        5.7250914093996528     
   99.900000000000006        2.7185434329925755     
   100.00000000000000        5.8122661435274949     
