  0.10000000000000001        3.2724836431978801     
  0.20000000000000001        3.3053960323187352     
  0.30000000000000004        3.3393757587796462     
  0.40000000000000002        3.3743605959823264     
  0.50000000000000000        3.4102231316293654     
  0.60000000000000009        3.4467871456138592     
  0.70000000000000007        3.4838506182653362     
  0.80000000000000004        3.5212120446381814     
  0.90000000000000002        3.5586961360627067     
   1.0000000000000000        3.5961749914767660     
   1.1000000000000001        3.6335814425834552     
   1.2000000000000002        3.6709124456567177     
   1.3000000000000000        3.7082219447205813     
   1.4000000000000001        3.7456043319200769     
   1.5000000000000000        3.7831712114393339     
   1.6000000000000001        3.8210253698780945     
   1.7000000000000002        3.8592364552204206     
   1.8000000000000000        3.8978227432430002     
   1.9000000000000001        3.9367425128966906     
   2.0000000000000000        3.9758970706065520     
   2.1000000000000001        4.0151455759249552     
   2.2000000000000002        4.0543298226712068     
   2.3000000000000003        4.0933053461839783     
   2.4000000000000004        4.1319739613460644     
   2.5000000000000000        4.1703123162940372     
   2.6000000000000001        4.2083913875807477     
   2.7000000000000002        4.2463830219724343     
   2.8000000000000003        4.2845514895433023     
   2.9000000000000004        4.3232302796323747     
   3.0000000000000000        4.3627866997724389     
   3.1000000000000001        4.4035788621769472     
   3.2000000000000002        4.4459110340695798     
   3.3000000000000003        4.4899938472848984     
   3.4000000000000004        4.5359153973781776     
   3.5000000000000000        4.5836278496215286     
   3.6000000000000001        4.6329519925747151     
   3.7000000000000002        4.6835995473511236     
   3.8000000000000003        4.7352103422014533     
   3.9000000000000004        4.7873991137549190     
   4.0000000000000000        4.8398050783059627     
   4.1000000000000005        4.8921368129185918     
   4.2000000000000002        4.9442055356629844     
   4.2999999999999998        4.9959415407064265     
   4.4000000000000004        5.0473911111863972     
   4.5000000000000000        5.0986943285282891     
   4.6000000000000005        5.1500473432282323     
   4.7000000000000002        5.2016553572638342     
   4.8000000000000007        5.2536843290960995     
   4.9000000000000004        5.3062199145865261     
   5.0000000000000000        5.3592412597334294     
   5.1000000000000005        5.4126150498911176     
   5.2000000000000002        5.4661120054514498     
   5.3000000000000007        5.5194442884814805     
   5.4000000000000004        5.5723186474841544     
   5.5000000000000000        5.6244971859687372     
   5.6000000000000005        5.6758559088059357     
   5.7000000000000002        5.7264310092923658     
   5.8000000000000007        5.7764442972944119     
   5.9000000000000004        5.8263020594981194     
   6.0000000000000000        5.8765655717010841     
   6.1000000000000005        5.9278958584071120     
   6.2000000000000002        5.9809794394655063     
   6.3000000000000007        6.0364450595120811     
   6.4000000000000004        6.0947832276798639     
   6.5000000000000000        6.1562804723024520     
   6.6000000000000005        6.2209784674208954     
   6.7000000000000002        6.2886648199059643     
   6.8000000000000007        6.3588977756667733     
   6.9000000000000004        6.4310620613847949     
   7.0000000000000000        6.5044482788774438     
   7.1000000000000005        6.5783444629192154     
   7.2000000000000002        6.6521262336324760     
   7.3000000000000007        6.7253318353410894     
   7.4000000000000004        6.7977103722902683     
   7.5000000000000000        6.8692355106626914     
   7.6000000000000005        6.9400822757557625     
   7.7000000000000002        7.0105705344517792     
   7.8000000000000007        7.0810843717359413     
   7.9000000000000004        7.1519809024724630     
   8.0000000000000000        7.2235043224452617     
   8.0999999999999996        7.2957207163928652     
   8.2000000000000011        7.3684862314029296     
   8.3000000000000007        7.4414560592237642     
   8.4000000000000004        7.5141350196339785     
   8.5000000000000000        7.5859634544734469     
   8.5999999999999996        7.6564257992975930     
   8.7000000000000011        7.7251646853266003     
   8.8000000000000007        7.7920815551229916     
   8.9000000000000004        7.8574059507968723     
   9.0000000000000000        7.9217197608541401     
   9.0999999999999996        7.9859292145737584     
   9.2000000000000011        8.0511853198444925     
   9.3000000000000007        8.1187615388838115     
   9.4000000000000004        8.1899045216273088     
   9.5000000000000000        8.2656785479088537     
   9.6000000000000014        8.3468261606482788     
   9.7000000000000011        8.4336659344739431     
   9.8000000000000007        8.5260435458783448     
   9.9000000000000004        8.6233449075982236     
   10.000000000000000        8.7245711273165831     
   10.100000000000001        8.8284657513295741     
   10.200000000000001        8.9336765600286761     
   10.300000000000001        9.0389283978019250     
   10.400000000000000        9.1431811524885962     
   10.500000000000000        9.2457485884421704     
   10.600000000000001        9.3463592375818365     
   10.700000000000001        9.4451492962587889     
   10.800000000000001        9.5425882270974824     
   10.900000000000000        9.6393488774443803     
   11.000000000000000        9.7361435828061431     
   11.100000000000001        9.8335542333359562     
   11.200000000000001        9.9318863802688995     
   11.300000000000001        10.031074563241745     
   11.400000000000000        10.130658393086637     
   11.500000000000000        10.229837607408861     
   11.600000000000001        10.327601094708909     
   11.700000000000001        10.422911927732207     
   11.800000000000001        10.514919963179635     
   11.900000000000000        10.603167404724534     
   12.000000000000000        10.687752057018312     
   12.100000000000001        10.769418091835613     
   12.200000000000001        10.849554326213717     
   12.300000000000001        10.930093760159568     
   12.400000000000000        11.013323332706616     
   12.500000000000000        11.101627174090089     
   12.600000000000001        11.197197820792574     
   12.700000000000001        11.301756137073017     
   12.800000000000001        11.416320984596851     
   12.900000000000000        11.541063801093303     
   13.000000000000000        11.675271887904326     
   13.100000000000001        11.817428875598738     
   13.200000000000001        11.965403670788863     
   13.300000000000001        12.116722672588665     
   13.400000000000000        12.268886695356825     
   13.500000000000000        12.419686029421950     
   13.600000000000001        12.567465930334484     
   13.700000000000001        12.711301118614609     
   13.800000000000001        12.851051042776680     
   13.900000000000000        12.987286012809003     
   14.000000000000000        13.121095174744600     
   14.100000000000001        13.253807368747491     
   14.200000000000001        13.386671774503583     
   14.300000000000001        13.520553952730262     
   14.400000000000000        13.655702535843824     
   14.500000000000000        13.791631969701816     
   14.600000000000001        13.927148581638109     
   14.700000000000001        14.060523600320726     
   14.800000000000001        14.189791439221354     
   14.900000000000000        14.313128881157070     
   15.000000000000000        14.429254743510874     
   15.100000000000001        14.537783087542259     
   15.200000000000001        14.639467400304556     
   15.300000000000001        14.736287939714266     
   15.400000000000000        14.831357378207588     
   15.500000000000000        14.928647458660514     
   15.600000000000001        15.032567306789714     
   15.700000000000001        15.147448006735569     
   15.800000000000001        15.277004339403140     
   15.900000000000000        15.423850649407743     
   16.000000000000000        15.589142567216092     
   16.100000000000001        15.772400288616240     
   16.199999999999999        15.971544343234241     
   16.300000000000001        16.183144572012651     
   16.400000000000002        16.402851556841778     
   16.500000000000000        16.625951551577039     
   16.600000000000001        16.847965396818985     
   16.699999999999999        17.065202495497445     
   16.800000000000001        17.275184827930875     
   16.900000000000002        17.476873480079963     
   17.000000000000000        17.670659411531421     
   17.100000000000001        17.858117282245107     
   17.199999999999999        18.041560496367250     
   17.300000000000001        18.223470718202190     
   17.400000000000002        18.405899650783276     
   17.500000000000000        18.589949875962631     
   17.600000000000001        18.775432488288381     
   17.699999999999999        18.960772675802716     
   17.800000000000001        19.143194108319918     
   17.900000000000002        19.319165495985704     
   18.000000000000000        19.485046081832699     
   18.100000000000001        19.637829344112525     
   18.199999999999999        19.775862580711749     
   18.300000000000001        19.899418387746820     
   18.400000000000002        20.011012936921162     
   18.500000000000000        20.115402502811442     
   18.600000000000001        20.219238078997289     
   18.699999999999999        20.330410504851876     
   18.800000000000001        20.457167142081484     
   18.900000000000002        20.607118406795610     
   19.000000000000000        20.786272818386678     
   19.100000000000001        20.998239615430350     
   19.200000000000003        21.243718144191792     
   19.300000000000001        21.520355596359529     
   19.400000000000002        21.823004074600007     
   19.500000000000000        22.144351025286760     
   19.600000000000001        22.475841529943967     
   19.700000000000003        22.808764787814575     
   19.800000000000001        23.135347655556220     
   19.900000000000002        23.449690911474665     
   20.000000000000000        23.748401809154885     
   20.100000000000001        24.030818725420918     
   20.200000000000003        24.298785521691691     
   20.300000000000001        24.556006030683474     
   20.400000000000002        24.807081386530676     
   20.500000000000000        25.056392117051022     
   20.600000000000001        25.307021502856927     
   20.700000000000003        25.559918669914307     
   20.800000000000001        25.813466682575893     
   20.900000000000002        26.063556495592476     
   21.000000000000000        26.304182148546367     
   21.100000000000001        26.528480701132899     
   21.200000000000003        26.730058532353404     
   21.300000000000001        26.904388717641645     
   21.400000000000002        27.050042791781600     
   21.500000000000000        27.169538409385609     
   21.600000000000001        27.269639270653808     
   21.700000000000003        27.361025967236934     
   21.800000000000001        27.457352590106879     
   21.900000000000002        27.573798760970369     
   22.000000000000000        27.725305794327266     
   22.100000000000001        27.924737543096896     
   22.200000000000003        28.181224035518568     
   22.300000000000001        28.498927053732618     
   22.400000000000002        28.876413840926485     
   22.500000000000000        29.306744793486153     
   22.600000000000001        29.778283239724445     
   22.700000000000003        30.276132526142888     
   22.800000000000001        30.784011218487418     
   22.900000000000002        31.286304903980128     
   23.000000000000000        31.769994964112009     
   23.100000000000001        32.226169540403767     
   23.200000000000003        32.650873229680904     
   23.300000000000001        33.045146392908286     
   23.400000000000002        33.414231173201870     
   23.500000000000000        33.766061020044290     
   23.600000000000001        34.109280360603215     
   23.700000000000003        34.451136583677631     
   23.800000000000001        34.795627030629113     
   23.900000000000002        35.142257213471446     
   24.000000000000000        35.485673245033979     
   24.100000000000001        35.816285092372027     
   24.200000000000003        36.121822839227086     
   24.300000000000001        36.389597467930130     
   24.400000000000002        36.609102724593086     
   24.500000000000000        36.774520849899744     
   24.600000000000001        36.886696019660413     
   24.700000000000003        36.954214708719576     
   24.800000000000001        36.993367873824305     
   24.900000000000002        37.026941921161104     
   25.000000000000000        37.081965212563318     
   25.100000000000001        37.186696396396727     
   25.200000000000003        37.367257310910709     
   25.300000000000001        37.644371695070276     
   25.400000000000002        38.030665360894758     
   25.500000000000000        38.528915982336159     
   25.600000000000001        39.131520248981232     
   25.700000000000003        39.821287125242769     
   25.800000000000001        40.573486601666545     
   25.900000000000002        41.358904729061535     
   26.000000000000000        42.147500704894696     
   26.100000000000001        42.912153217576453     
   26.200000000000003        43.631941541890313     
   26.300000000000001        44.294446382306667     
   26.400000000000002        44.896680432880544     
   26.500000000000000        45.444459584708433     
   26.600000000000001        45.950277681520838     
   26.700000000000003        46.430011628576956     
   26.800000000000001        46.899011695911462     
   26.900000000000002        47.368276442931354     
   27.000000000000000        47.841436347729100     
   27.100000000000001        48.313159629335793     
   27.200000000000003        48.769359890377281     
   27.300000000000001        49.189267244143942     
   27.400000000000002        49.549081747457279     
   27.500000000000000        49.826626848288029     
   27.600000000000001        50.006220199444122     
   27.700000000000003        50.082917848932212     
   27.800000000000001        50.065375168307995     
   27.900000000000002        49.976784394590794     
   28.000000000000000        49.853651829212076     
   28.100000000000001        49.742512802409010     
   28.200000000000003        49.694994395294458     
   28.300000000000001        49.761879175832640     
   28.400000000000002        49.986968018996492     
   28.500000000000000        50.401573725425784     
   28.600000000000001        51.020401968688752     
   28.700000000000003        51.839405625988029     
   28.800000000000001        52.835953645781487     
   28.900000000000002        53.971361878652218     
   29.000000000000000        55.195520138436464     
   29.100000000000001        56.453050487835839     
   29.200000000000003        57.690183520368478     
   29.300000000000001        58.861381428817616     
   29.400000000000002        59.934705411100374     
   29.500000000000000        60.895046503806824     
   29.600000000000001        61.744619251278834     
   29.700000000000003        62.500534051612505     
   29.800000000000001        63.189761209367788     
   29.900000000000002        63.842293534678021     
   30.000000000000000        64.483705332409784     
   30.100000000000001        65.128500656266297     
   30.200000000000003        65.775580584080728     
   30.300000000000001        66.406827414027035     
   30.400000000000002        66.989253185358706     
   30.500000000000000        67.480494600082423     
   30.600000000000001        67.836791167425858     
   30.700000000000003        68.022091814136502     
   30.800000000000001        68.016696936683161     
   30.900000000000002        67.823900449775437     
   31.000000000000000        67.473428164308316     
   31.100000000000001        67.020998986993618     
   31.200000000000003        66.543956556962542     
   31.300000000000001        66.133519211655724     
   31.400000000000002        65.884682968256286     
   31.500000000000000        65.885126224029150     
   31.600000000000001        66.204583159866786     
   31.700000000000003        66.886082573843595     
   31.800000000000001        67.940216473722316     
   31.900000000000002        69.343242966442730     
   32.000000000000000        71.039376907325902     
   32.100000000000001        72.947115424864322     
   32.200000000000003        74.968923142570333     
   32.300000000000004        77.003111918237437     
   32.399999999999999        78.956353268154260     
   32.500000000000000        80.755030352386228     
   32.600000000000001        82.353643029083685     
   32.700000000000003        83.738778104606382     
   32.800000000000004        84.927759112137323     
   32.899999999999999        85.961943540658993     
   33.000000000000000        86.895615394842906     
   33.100000000000001        87.782341272885432     
   33.200000000000003        88.661307387495498     
   33.300000000000004        89.546350011744337     
   33.399999999999999        90.420035004076368     
   33.500000000000000        91.234261930038940     
   33.600000000000001        91.917627024847562     
   33.700000000000003        92.388439237381348     
   33.800000000000004        92.571140948588621     
   33.899999999999999        92.413190232044684     
   34.000000000000000        91.899353984360971     
   34.100000000000001        91.060837762818210     
   34.200000000000003        89.977604980752503     
   34.300000000000004        88.773398144496653     
   34.399999999999999        87.604131538933515     
   34.500000000000000        86.641280709607585     
   34.600000000000001        86.052527267679210     
   34.700000000000003        85.982189469354765     
   34.800000000000004        86.533908373907025     
   34.899999999999999        87.757732336480061     
   35.000000000000000        89.643222465184394     
   35.100000000000001        92.119548067801432     
   35.200000000000003        95.062793789696457     
   35.300000000000004        98.309887649595083     
   35.399999999999999        101.67771774059881     
   35.500000000000000        104.98520019100803     
   35.600000000000001        108.07540024050684     
   35.700000000000003        110.83444010766655     
   35.800000000000004        113.20401332858138     
   35.899999999999999        115.18499109212232     
   36.000000000000000        116.83087958749898     
   36.100000000000001        118.23164504394205     
   36.200000000000003        119.49037158695471     
   36.300000000000004        120.69693053703226     
   36.399999999999999        121.90385841904536     
   36.500000000000000        123.10960812014297     
   36.600000000000001        124.25313227732188     
   36.700000000000003        125.22156852428490     
   36.800000000000004        125.87009770612086     
   36.899999999999999        126.05047711067382     
   37.000000000000000        125.64292786361702     
   37.100000000000001        124.58539200830069     
   37.200000000000003        122.89476774449358     
   37.300000000000004        120.67635697412342     
   37.399999999999999        118.11996821490476     
   37.500000000000000        115.48338772743573     
   37.600000000000001        113.06581762104739     
   37.700000000000003        111.17511364075743     
   37.800000000000004        110.09317135340237     
   37.899999999999999        110.04370396100646     
   38.000000000000000        111.16610959742218     
   38.100000000000001        113.49832625770659     
   38.200000000000003        116.97064861730749     
   38.300000000000004        121.41148377434801     
   38.400000000000006        126.56493688061141     
   38.500000000000000        132.11890333894647     
   38.600000000000001        137.74099765235312     
   38.700000000000003        143.11825967942258     
   38.800000000000004        147.99536630967933     
   38.900000000000006        152.20538064602871     
   39.000000000000000        155.68728231544500     
   39.100000000000001        158.48595146489205     
   39.200000000000003        160.73299212948439     
   39.300000000000004        162.61046700984068     
   39.400000000000006        164.30355324600615     
   39.500000000000000        165.95130784019884     
   39.600000000000001        167.60613420362662     
   39.700000000000003        169.21150091756653     
   39.800000000000004        170.60396477730893     
   39.900000000000006        171.54032914259213     
   40.000000000000000        171.74514000926820     
   40.100000000000001        170.96917192119889     
   40.200000000000003        169.04725452714001     
   40.300000000000004        165.94422168911609     
   40.400000000000006        161.78061232628843     
   40.500000000000000        156.83407477572459     
   40.600000000000001        151.51702668687966     
   40.700000000000003        146.33494398097196     
   40.800000000000004        141.83205928138540     
   40.900000000000006        138.53211197294249     
   41.000000000000000        136.88138892165938     
   41.100000000000001        137.20011947823048     
   41.200000000000003        139.64683460961851     
   41.300000000000004        144.19890723962899     
   41.400000000000006        150.65127300086334     
   41.500000000000000        158.63418777849884     
   41.600000000000001        167.64957410518701     
   41.700000000000003        177.12379093209205     
   41.800000000000004        186.47240857498261     
   41.900000000000006        195.16992947289575     
   42.000000000000000        202.81486893458049     
   42.100000000000001        209.17903471295293     
   42.200000000000003        214.23020453054488     
   42.300000000000004        218.12047774732096     
   42.400000000000006        221.13851370376349     
   42.500000000000000        223.63182436642987     
   42.600000000000001        225.91340081677427     
   42.700000000000003        228.17275067338309     
   42.800000000000004        230.41264481917938     
   42.900000000000006        232.42840948535604     
   43.000000000000000        233.83714572393487     
   43.100000000000001        234.15228036305484     
   43.200000000000003        232.88781706004445     
   43.300000000000004        229.66978381860699     
   43.400000000000006        224.33146912548847     
   43.500000000000000        216.97391270424268     
   43.600000000000001        207.98182035688325     
   43.700000000000003        197.99477898060783     
   43.800000000000004        187.84173261698760     
   43.900000000000006        178.45153259729170     
   44.000000000000000        170.75368071378580     
   44.100000000000001        165.58189661256725     
   44.200000000000003        163.59015428641823     
   44.300000000000004        165.18763507647139     
   44.400000000000006        170.49652856457121     
   44.500000000000000        179.33511195202942     
   44.600000000000001        191.22784983693265     
   44.700000000000003        205.44377625560600     
   44.800000000000004        221.06334646139237     
   44.900000000000006        237.07152678339332     
   45.000000000000000        252.47073419169266     
   45.100000000000001        266.40163373101251     
   45.200000000000003        278.25396658973261     
   45.300000000000004        287.74562618701987     
   45.400000000000006        294.94865800896707     
   45.500000000000000        300.24772287518715     
   45.600000000000001        304.23007445019687     
   45.700000000000003        307.52384808428582     
   45.800000000000004        310.61843523922937     
   45.900000000000006        313.71073159756133     
   46.000000000000000        316.61916492836303     
   46.100000000000001        318.79243541469975     
   46.200000000000003        319.41554755675213     
   46.300000000000004        317.58959831788741     
   46.400000000000006        312.54251029747508     
   46.500000000000000        303.82152639838893     
   46.600000000000001        291.42597637242272     
   46.700000000000003        275.85674278983299     
   46.800000000000004        258.08018858742901     
   46.900000000000006        239.42228537692807     
   47.000000000000000        221.41900796386983     
   47.100000000000001        205.65087742871142     
   47.200000000000003        193.58483066762756     
   47.300000000000004        186.43873876835985     
   47.400000000000006        185.07614830747630     
   47.500000000000000        189.93337066763999     
   47.600000000000001        200.97873368534559     
   47.700000000000003        217.70430107217240     
   47.800000000000004        239.15249155576242     
   47.900000000000006        263.98211017927258     
   48.000000000000000        290.57841577167653     
   48.100000000000001        317.20819162905332     
   48.200000000000003        342.21229366377673     
   48.300000000000004        364.21533862957733     
   48.400000000000006        382.31795695522476     
   48.500000000000000        396.22675763443613     
   48.600000000000001        406.27750125101619     
   48.700000000000003        413.32313374298593     
   48.800000000000004        418.49047867741132     
   48.900000000000006        422.85026177323482     
   49.000000000000000        427.08081307776666     
   49.100000000000001        431.22052592435062     
   49.200000000000003        434.58788352680955     
   49.300000000000004        435.90245617395504     
   49.400000000000006        433.58051257370352     
   49.500000000000000        426.12674544493206     
   49.600000000000001        412.51830167920696     
   49.700000000000003        392.48654583920757     
   49.800000000000004        366.63919217347853     
   49.900000000000006        336.41405952850448     
   50.000000000000000        303.89764177004236     
   50.100000000000001        271.56498850325244     
   50.200000000000003        241.99956425344232     
   50.300000000000004        217.63821398203530     
   50.400000000000006        200.56607928404020     
   50.500000000000000        192.36748110593317     
   50.600000000000001        194.02638943719089     
   50.700000000000003        205.86561105074736     
   50.800000000000004        227.51625137395487     
   50.900000000000006        257.91614368260844     
   51.000000000000000        295.34509874481654     
   51.100000000000001        337.51289174629892     
   51.200000000000003        381.71911308728397     
   51.300000000000004        425.09820024429655     
   51.400000000000006        464.94489904935904     
   51.500000000000000        499.08531714600286     
   51.600000000000001        526.22321182767291     
   51.700000000000003        546.16416822215933     
   51.800000000000004        559.82001123973555     
   51.900000000000006        568.93609178727377     
   52.000000000000000        575.56392904621077     
   52.100000000000001        581.39832148456424     
   52.200000000000003        587.17147726732014     
   52.300000000000004        592.30713489295920     
   52.400000000000006        594.96823862584586     
   52.500000000000000        592.50293111428630     
   52.600000000000001        582.15721359639986     
   52.700000000000003        561.83654232544040     
   52.800000000000004        530.69687043561646     
   52.900000000000006        489.42183532427919     
   53.000000000000000        440.15690211481143     
   53.100000000000001        386.17342122841774     
   53.200000000000003        331.39094719310788     
   53.300000000000004        279.88721818707273     
   53.400000000000006        235.48745391321700     
   53.500000000000000        201.47310030220632     
   53.600000000000001        180.40597413484224     
   53.700000000000003        174.03756046463192     
   53.800000000000004        183.26566934887259     
   53.900000000000006        208.10702910966137     
   54.000000000000000        247.66916257464115     
   54.100000000000001        300.12416951799281     
   54.200000000000003        362.70827231670728     
   54.300000000000004        431.79079777503694     
   54.400000000000006        503.06800623545564     
   54.500000000000000        571.93024041520607     
   54.600000000000001        634.01402516240626     
   54.700000000000003        685.88028648863951     
   54.800000000000004        725.66992243783545     
   54.900000000000006        753.51592402931692     
   55.000000000000000        771.48878642208126     
   55.100000000000001        782.95805745605469     
   55.200000000000003        791.45902616776038     
   55.300000000000004        799.38558679792936     
   55.400000000000006        806.97091236261610     
   55.500000000000000        811.96946922515303     
   55.600000000000001        810.20848197674547     
   55.700000000000003        796.83677618048785     
   55.800000000000004        767.82782166504967     
   55.900000000000006        721.22167986474039     
   56.000000000000000        657.73785951478692     
   56.100000000000001        580.66477109639311     
   56.200000000000003        495.19026192086443     
   56.300000000000004        407.47555121972823     
   56.400000000000006        323.76722675093913     
   56.500000000000000        249.73567533303662     
   56.600000000000001        190.09680319070117     
   56.700000000000003        148.47388415876819     
   56.800000000000004        127.40917611019360     
   56.900000000000006        128.43240059536456     
   57.000000000000000        152.11482796162593     
   57.100000000000001        198.06601469332099     
   57.200000000000003        264.85774466783340     
   57.300000000000004        349.88845672769878     
   57.400000000000006        449.23722262155422     
   57.500000000000000        557.60040105466442     
   57.600000000000001        668.44440943843574     
   57.700000000000003        774.51506085197298     
   57.800000000000004        868.77803642573872     
   57.900000000000006        945.70187328177087     
   58.000000000000000        1002.5621939427093     
   58.100000000000001        1040.2479242996656     
   58.200000000000003        1063.0416028403665     
   58.300000000000004        1077.1396726496801     
   58.400000000000006        1088.2290205810687     
   58.500000000000000        1098.9923933356579     
   58.600000000000001        1107.6304382125752     
   58.700000000000003        1108.1496726943578     
   58.800000000000004        1092.3877232025729     
   58.900000000000006        1052.9439798450235     
   59.000000000000000        985.80884986840692     
   59.100000000000001        891.72442301877379     
   59.200000000000003        775.97265831419566     
   59.300000000000004        646.96747518175198     
   59.400000000000006        514.38625841898704     
   59.500000000000000        387.52859588279182     
   59.600000000000001        274.28242395134987     
   59.700000000000003        180.73555446819995     
   59.800000000000004        111.25097772102814     
   59.900000000000006        68.763736024102059     
   60.000000000000000        55.105114013395301     
   60.100000000000001        71.242469280526052     
   60.200000000000003        117.38779869937015     
   60.300000000000004        192.95788254040895     
   60.400000000000006        296.37509471278565     
   60.500000000000000        424.70869141694936     
   60.600000000000001        573.20324240806804     
   60.700000000000003        734.84230254130978     
   60.800000000000004        900.23223822487194     
   60.900000000000006        1058.1836875782365     
   61.000000000000000        1197.2842032218987     
   61.100000000000001        1308.3832256752191     
   61.200000000000003        1387.2917466180663     
   61.300000000000004        1436.4353536389390     
   61.400000000000006        1464.1759049699585     
   61.500000000000000        1481.3705880226350     
   61.600000000000001        1496.2444920461407     
   61.700000000000003        1509.9431060593990     
   61.800000000000004        1515.1940452445765     
   61.900000000000006        1499.0303877663446     
   62.000000000000000        1448.3240390051653     
   62.100000000000001        1355.3813374652268     
   62.200000000000003        1221.0232228007405     
   62.300000000000004        1054.1640338429140     
   62.400000000000006        868.75086716443798     
   62.500000000000000        679.90863115363277     
   62.600000000000001        500.93321672325055     
   62.700000000000003        341.86150730788171     
   62.800000000000004        209.44161580808301     
   62.900000000000006        107.87092663097613     
   63.000000000000000        39.684249307255577     
   63.100000000000001        6.4347726778249346     
   63.200000000000003        9.0807542588928829     
   63.300000000000004        48.146555414934539     
   63.400000000000006        123.75243089798734     
   63.500000000000000        235.54348642813341     
   63.600000000000001        382.44951910682317     
   63.700000000000003        562.13699234161038     
   63.800000000000004        770.05078686258435     
   63.900000000000006        998.16574840538658     
   64.000000000000000        1233.9844543734803     
   64.100000000000009        1460.7503905467338     
   64.200000000000003        1659.8814975440732     
   64.299999999999997        1815.8093945396479     
   64.400000000000006        1921.7211222135218     
   64.500000000000000        1983.0422097590927     
   64.600000000000009        2015.4608203661383     
   64.700000000000003        2036.8861411313785     
   64.799999999999997        2056.9124999753899     
   64.900000000000006        2070.0534969757055     
   65.000000000000000        2057.4799821247225     
   65.100000000000009        1996.6947036815052     
   65.200000000000003        1873.3679227608723     
   65.299999999999997        1688.4805639363683     
   65.400000000000006        1457.5508442616385     
   65.500000000000000        1203.8627179103141     
   65.600000000000009        950.44911581737074     
   65.700000000000003        714.82995681485954     
   65.799999999999997        507.74070748086172     
   65.900000000000006        334.69070702394140     
   66.000000000000000        198.38951710540866     
   66.100000000000009        100.61041911154754     
   66.200000000000003        43.015018960948936     
   66.299999999999997        27.158003733144607     
   66.400000000000006        54.142723416332679     
   66.500000000000000        124.33967606966499     
   66.600000000000009        237.39285211586983     
   66.700000000000003        392.51473346175879     
   66.799999999999997        588.81847151644604     
   66.900000000000006        825.17552198510236     
   67.000000000000000        1098.9639319406376     
   67.100000000000009        1403.3942713431479     
   67.200000000000003        1724.1499397631642     
   67.299999999999997        2037.6317297093715     
   67.400000000000006        2313.9575323985914     
   67.500000000000000        2526.2467324426325     
   67.600000000000009        2663.0359921613340     
   67.700000000000003        2735.6679556250911     
   67.799999999999997        2772.5783695595042     
   67.900000000000006        2800.5856742519513     
   68.000000000000000        2824.7212846851348     
   68.100000000000009        2822.1150979195113     
   68.200000000000003        2755.9847275778120     
   68.299999999999997        2599.9058353827909     
   68.400000000000006        2354.7118149727989     
   68.500000000000000        2047.4780170533766     
   68.600000000000009        1716.4724510855424     
   68.700000000000003        1394.5436981065698     
   68.799999999999997        1100.8200331302032     
   68.900000000000006        842.13046599686402     
   69.000000000000000        619.35273182521473     
   69.100000000000009        433.23304943839150     
   69.200000000000003        287.03753101174266     
   69.299999999999997        186.26896733416947     
   69.400000000000006        136.92722084949582     
   69.500000000000000        143.64229859971425     
   69.600000000000009        208.38278848071982     
   69.700000000000003        329.97635614212919     
   69.799999999999997        504.51700880551670     
   69.900000000000006        726.69401232351686     
   70.000000000000000        991.84957713053302     
   70.100000000000009        1297.9092569089057     
   70.200000000000003        1645.3712330510248     
   70.299999999999997        2033.2195725767265     
   70.400000000000006        2450.5205293019935     
   70.500000000000000        2868.1930558618928     
   70.600000000000009        3240.0440521610512     
   70.700000000000003        3519.9109367508054     
   70.799999999999997        3688.7125280588311     
   70.900000000000006        3769.8233009590349     
   71.000000000000000        3812.5266483991959     
   71.100000000000009        3849.6795138088191     
   71.200000000000003        3865.1585460431347     
   71.299999999999997        3803.7740916017710     
   71.400000000000006        3617.1134368553539     
   71.500000000000000        3303.7102442254627     
   71.600000000000009        2909.6866485947539     
   71.700000000000003        2495.6527108785617     
   71.799999999999997        2102.7937194010856     
   71.900000000000006        1742.6753312968508     
   72.000000000000000        1409.2531130277550     
   72.100000000000009        1096.3607252410579     
   72.200000000000003        807.48483780065703     
   72.299999999999997        555.69666434065266     
   72.400000000000006        358.47194711091731     
   72.500000000000000        232.36636788871982     
   72.600000000000009        189.72845163796435     
   72.700000000000003        237.30639403454066     
   72.799999999999997        375.79812377561188     
   72.900000000000006        599.66399808040853     
   73.000000000000000        897.24961729650329     
   73.100000000000009        1252.0719153315540     
   73.200000000000003        1646.5265810293299     
   73.299999999999997        2068.3126982719373     
   73.400000000000006        2516.6181748317822     
   73.500000000000000        3000.8553883565082     
   73.600000000000009        3525.1502000919868     
   73.700000000000003        4063.5631508816505     
   73.799999999999997        4549.6810784777399     
   73.900000000000006        4906.0618074383819     
   74.000000000000000        5103.0526988414176     
   74.100000000000009        5188.8318595696792     
   74.200000000000003        5241.9789814685555     
   74.299999999999997        5282.7232663033892     
   74.400000000000006        5242.7582765728221     
   74.500000000000000        5035.7129047298286     
   74.600000000000009        4649.9483261402111     
   74.700000000000003        4160.6758171393340     
   74.799999999999997        3659.2670838593467     
   74.900000000000006        3185.7159019098563     
   75.000000000000000        2725.3243390487969     
   75.100000000000009        2250.9283787894301     
   75.200000000000003        1758.8148087403413     
   75.299999999999997        1273.7285121864250     
   75.400000000000006        833.64133003532811     
   75.500000000000000        473.86536682283452     
   75.600000000000009        219.77870638169935     
   75.700000000000003        86.833878599753021     
   75.799999999999997        83.272780965607097     
   75.900000000000006        212.42661922211508     
   76.000000000000000        473.45666834908877     
   76.100000000000009        860.26563424800543     
   76.200000000000003        1358.6189312784554     
   76.299999999999997        1942.6144018996793     
   76.400000000000006        2574.3356689832340     
   76.500000000000000        3212.9015259671992     
   76.600000000000009        3834.9523470514964     
   76.700000000000003        4452.7652370730384     
   76.800000000000011        5100.4317591774006     
   76.900000000000006        5776.6213572992110     
   77.000000000000000        6395.6666189588232     
   77.100000000000009        6831.9775319800783     
   77.200000000000003        7046.3331262589436     
   77.300000000000011        7136.0508347690875     
   77.400000000000006        7204.7039767575943     
   77.500000000000000        7207.6802407793539     
   77.600000000000009        7003.2918211417245     
   77.700000000000003        6547.7843177826790     
   77.800000000000011        5956.3079935245541     
   77.900000000000006        5360.2970637122889     
   78.000000000000000        4776.4380516632609     
   78.100000000000009        4139.9559658095486     
   78.200000000000003        3414.9388918742698     
   78.300000000000011        2639.9303779308912     
   78.400000000000006        1891.8416284955613     
   78.500000000000000        1236.3803044295171     
   78.600000000000009        709.88976903901778     
   78.700000000000003        327.37862163351076     
   78.800000000000011        95.399598688648908     
   78.900000000000006        18.677245610077552     
   79.000000000000000        100.88580684337812     
   79.100000000000009        343.63532293267889     
   79.200000000000003        746.41510619284952     
   79.300000000000011        1307.5658295467888     
   79.400000000000006        2023.3362776347037     
   79.500000000000000        2879.9886699206481     
   79.600000000000009        3837.7754319578635     
   79.700000000000003        4820.9443681493431     
   79.800000000000011        5743.4634708432513     
   79.900000000000006        6576.0019415157021     
   80.000000000000000        7380.6234947547264     
   80.100000000000009        8215.5571686081785     
   80.200000000000003        8985.5454956154135     
   80.300000000000011        9494.3070003935791     
   80.400000000000006        9709.1244198261484     
   80.500000000000000        9811.6460936165658     
   80.600000000000009        9875.3479372517631     
   80.700000000000003        9714.2934242367537     
   80.800000000000011        9204.2666642259119     
   80.900000000000006        8504.5768998944968     
   81.000000000000000        7799.7764091703502     
   81.100000000000009        7048.2787754538658     
   81.200000000000003        6125.3101840111158     
   81.300000000000011        5048.6772506099278     
   81.400000000000006        3959.3604320809754     
   81.500000000000000        2974.4877332459982     
   81.600000000000009        2129.2677099278803     
   81.700000000000003        1419.0400891931279     
   81.800000000000011        847.51184169636599     
   81.900000000000006        437.49081078549227     
   82.000000000000000        218.67771466500710     
   82.100000000000009        214.45296421105749     
   82.200000000000003        435.03391781294022     
   82.300000000000011        875.36976666394685     
   82.400000000000006        1516.1928988185914     
   82.500000000000000        2330.2601043395880     
   82.600000000000009        3296.4875806714072     
   82.700000000000003        4414.5041161174158     
   82.800000000000011        5692.1385153095662     
   82.900000000000006        7084.4553373959106     
   83.000000000000000        8444.4627887488714     
   83.100000000000009        9618.7758038671782     
   83.200000000000003        10640.438071735214     
   83.300000000000011        11663.057774927885     
   83.400000000000006        12599.146714198290     
   83.500000000000000        13154.124352302932     
   83.600000000000009        13356.712312780210     
   83.700000000000003        13482.952367417543     
   83.800000000000011        13421.554426695375     
   83.900000000000006        12896.325966461938     
   84.000000000000000        12084.515549301745     
   84.100000000000009        11249.684682897143     
   84.200000000000003        10251.751338276788     
   84.300000000000011        8938.1796127296802     
   84.400000000000006        7488.5723631306228     
   84.500000000000000        6126.3348182789478     
   84.600000000000009        4869.6103722498719     
   84.700000000000003        3655.3562407522431     
   84.800000000000011        2498.7331354955686     
   84.900000000000006        1486.5998734717650     
   85.000000000000000        706.17431697446511     
   85.100000000000009        211.55654273966113     
   85.200000000000003        28.828815287767288     
   85.300000000000011        169.24072267678690     
   85.400000000000006        636.34775046261120     
   85.500000000000000        1426.1065166821199     
   85.600000000000009        2519.5133236791207     
   85.700000000000003        3867.3958917299174     
   85.800000000000011        5381.3212805694984     
   85.900000000000006        6968.3431730850425     
   86.000000000000000        8616.5291511945725     
   86.100000000000009        10400.680398903960     
   86.200000000000003        12270.093364448268     
   86.300000000000011        13929.751647661165     
   86.400000000000006        15254.061025495097     
   86.500000000000000        16503.506201993012     
   86.600000000000009        17610.275625582835     
   86.700000000000003        18160.774633137025     
   86.800000000000011        18364.906097031122     
   86.900000000000006        18450.802454201410     
   87.000000000000000        17992.300759395152     
   87.100000000000009        17072.760475776464     
   87.200000000000003        16085.838917968524     
   87.300000000000011        14762.589057729121     
   87.400000000000006        13006.818651196912     
   87.500000000000000        11219.860581509998     
   87.600000000000009        9486.8872409463311     
   87.700000000000003        7630.1252064013388     
   87.800000000000011        5714.3839933549179     
   87.900000000000006        3969.6753270182230     
   88.000000000000000        2528.9806443675106     
   88.100000000000009        1415.3154217289357     
   88.200000000000003        636.42608544798952     
   88.300000000000011        220.42988296822665     
   88.400000000000006        200.04086986885568     
   88.500000000000000        592.50512228691730     
   88.600000000000009        1391.6574952432120     
   88.700000000000003        2572.9837787486667     
   88.800000000000011        4112.8814413541868     
   88.900000000000006        6008.8198197509455     
   89.000000000000000        8246.8663326172828     
   89.100000000000009        10690.189491536115     
   89.200000000000003        13081.836188929517     
   89.300000000000011        15367.494933137814     
   89.400000000000006        17750.946261084900     
   89.500000000000000        20012.506143275856     
   89.600000000000009        21736.106584461319     
   89.700000000000003        23260.465530871279     
   89.800000000000011        24511.619084935250     
   89.900000000000006        24999.499222623075     
   90.000000000000000        25230.522333703655     
   90.100000000000009        24974.622567646566     
   90.200000000000003        23979.265518335811     
   90.300000000000011        22827.945469355709     
   90.400000000000006        21125.776584289619     
   90.500000000000000        18929.234480191426     
   90.600000000000009        16741.599131977411     
   90.700000000000003        14272.086141354122     
   90.800000000000011        11551.760213577954     
   90.900000000000006        9019.0995172092789     
   91.000000000000000        6738.8672069618997     
   91.100000000000009        4618.3691676014341     
   91.200000000000003        2746.0348472257219     
   91.300000000000011        1290.9666033929680     
   91.400000000000006        363.77384744730739     
   91.500000000000000        10.971050743236638     
   91.600000000000009        250.24560868928103     
   91.700000000000003        1088.2797887320207     
   91.800000000000011        2521.6691123123355     
   91.900000000000006        4521.0596921103088     
   92.000000000000000        6992.1337065143543     
   92.100000000000009        9764.2221550901668     
   92.200000000000003        12729.530688531206     
   92.300000000000011        15988.580151575889     
   92.400000000000006        19472.299689211617     
   92.500000000000000        22674.943503770392     
   92.600000000000009        25647.399099925504     
   92.700000000000003        28586.037942943978     
   92.800000000000011        30794.641392182206     
   92.900000000000006        32645.450542726543     
   93.000000000000000        33946.766956157291     
   93.100000000000009        34374.450883821024     
   93.200000000000003        34456.715685514435     
   93.300000000000011        33494.679989215612     
   93.400000000000006        32184.869510387387     
   93.500000000000000        30092.651086490027     
   93.600000000000009        27455.549387363943     
   93.700000000000003        24606.717818416364     
   93.800000000000011        21127.570922314946     
   93.900000000000006        17689.491635657345     
   94.000000000000000        14284.140731925769     
   94.100000000000009        10758.115227677783     
   94.200000000000003        7547.4559466821629     
   94.300000000000011        4888.8093957667043     
   94.400000000000006        2760.1746730836894     
   94.500000000000000        1202.0354718057183     
   94.600000000000009        328.14518572731117     
   94.700000000000003        231.50710925403015     
   94.800000000000011        952.42196474629100     
   94.900000000000006        2478.1540174866218     
   95.000000000000000        4739.4583568377111     
   95.100000000000009        7629.5571175533441     
   95.200000000000003        11097.279729069121     
   95.300000000000011        15182.858071518685     
   95.400000000000006        19684.623451535135     
   95.500000000000000        24109.079877625991     
   95.600000000000009        28606.055643061893     
   95.700000000000003        33127.597092368102     
   95.800000000000011        36965.712718437353     
   95.900000000000006        40649.595713473274     
   96.000000000000000        43398.517233186139     
   96.100000000000009        45612.087016069047     
   96.200000000000003        46788.210212534432     
   96.300000000000011        47210.502139535361     
   96.400000000000006        46548.735745002654     
   96.500000000000000        45107.608890958705     
   96.600000000000009        42668.537425732953     
   96.700000000000003        39542.661723219986     
   96.800000000000011        35724.701023213020     
   96.900000000000006        31320.807883557864     
   97.000000000000000        26789.590442787237     
   97.100000000000009        21792.021763614350     
   97.200000000000003        17129.737626161172     
   97.300000000000011        12687.455338293830     
   97.400000000000006        8494.8167823834574     
   97.500000000000000        5025.1488731277377     
   97.600000000000009        2461.5642856580903     
   97.700000000000003        824.46481634903262     
   97.800000000000011        175.26084338796625     
   97.900000000000006        582.99448051470620     
   98.000000000000000        2066.4973835997152     
   98.100000000000009        4586.1826506468060     
   98.200000000000003        8089.8153829265011     
   98.300000000000011        12572.714176242225     
   98.400000000000006        17921.524910999626     
   98.500000000000000        23658.113035405688     
   98.600000000000009        29642.986257990327     
   98.700000000000003        36063.406026616423     
   98.800000000000011        42037.767647202490     
   98.900000000000006        47929.960663762533     
   99.000000000000000        53029.687653282817     
   99.100000000000009        57564.377361268016     
   99.200000000000003        60869.316074761780     
   99.300000000000011        63393.278423993230     
   99.400000000000006        64340.275787730912     
   99.500000000000000        64348.608355623255     
   99.600000000000009        62860.145823479754     
   99.700000000000003        60193.036246557858     
   99.800000000000011        56500.309909013347     
   99.900000000000006        51570.535778949801     
   100.00000000000000        46144.132489735159     
