  0.10000000000000001        3.2724836431978801     
  0.20000000000000001        3.2406385914170817     
  0.30000000000000004        3.2110885898297967     
  0.40000000000000002        3.1849336266865960     
  0.50000000000000000        3.1631145236726952     
  0.60000000000000009        3.1463915882081928     
  0.70000000000000007        3.1353316695407232     
  0.80000000000000004        3.1303013981286960     
  0.90000000000000002        3.1314643749353781     
   1.0000000000000000        3.1387805481717734     
   1.1000000000000001        3.1520068550056681     
   1.2000000000000002        3.1706992372584768     
   1.3000000000000000        3.1942171517587368     
   1.4000000000000001        3.2217324776574037     
   1.5000000000000000        3.2522451013617064     
   1.6000000000000001        3.2846073287800031     
   1.7000000000000002        3.3175586153011105     
   1.8000000000000000        3.3497709899863866     
   1.9000000000000001        3.3799041380804065     
   2.0000000000000000        3.4066676098272963     
   2.1000000000000001        3.4288862823367392     
   2.2000000000000002        3.4455642384439562     
   2.3000000000000003        3.4559418138066760     
   2.4000000000000004        3.4595407921471182     
   2.5000000000000000        3.4561935941455575     
   2.6000000000000001        3.4460537081111138     
   2.7000000000000002        3.4295863702913221     
   2.8000000000000003        3.4075403875268750     
   2.9000000000000004        3.3809037563181228     
   3.0000000000000000        3.3508471424077606     
   3.1000000000000001        3.3186601699453622     
   3.2000000000000002        3.2856857339135588     
   3.3000000000000003        3.2532571890883961     
   3.4000000000000004        3.2226423677344567     
   3.5000000000000000        3.1949970952736031     
   3.6000000000000001        3.1713294162579180     
   3.7000000000000002        3.1524743371841986     
   3.8000000000000003        3.1390777460155785     
   3.9000000000000004        3.1315874403020487     
   4.0000000000000000        3.1302489736898429     
   4.1000000000000005        3.1351043161484986     
   4.2000000000000002        3.1459920329321438     
   4.2999999999999998        3.1625486659112463     
   4.4000000000000004        3.1842120467249910     
   4.5000000000000000        3.2102281691771908     
   4.6000000000000005        3.2396638062196446     
   4.7000000000000002        3.2714271385394693     
   4.8000000000000007        3.3042982116098938     
   4.9000000000000004        3.3369700927254247     
   5.0000000000000000        3.3681002841621055     
   5.1000000000000005        3.3963704580083887     
   5.2000000000000002        3.4205511459611535     
   5.3000000000000007        3.4395668778119779     
   5.4000000000000004        3.4525566120505351     
   5.5000000000000000        3.4589242673005876     
   5.6000000000000005        3.4583747791662462     
   5.7000000000000002        3.4509323110100332     
   5.8000000000000007        3.4369388887795465     
   5.9000000000000004        3.4170335942623957     
   6.0000000000000000        3.3921142916408278     
   6.1000000000000005        3.3632854383828867     
   6.2000000000000002        3.3317966442718974     
   6.3000000000000007        3.2989771626550541     
   6.4000000000000004        3.2661713840262796     
   6.5000000000000000        3.2346797034017793     
   6.6000000000000005        3.2057079809083135     
   6.7000000000000002        3.1803274012909100     
   6.8000000000000007        3.1594450849279059     
   6.9000000000000004        3.1437845293322506     
   7.0000000000000000        3.1338740485002221     
   7.1000000000000005        3.1300409464268109     
   7.2000000000000002        3.1324092475644854     
   7.3000000000000007        3.1408993609192279     
   7.4000000000000004        3.1552289470934980     
   7.5000000000000000        3.1749153022544294     
   7.6000000000000005        3.1992805557406596     
   7.7000000000000002        3.2274616931255209     
   7.8000000000000007        3.2584277017095737     
   7.9000000000000004        3.2910059003601830     
   8.0000000000000000        3.3239187594074622     
   8.0999999999999996        3.3558313298908682     
   8.2000000000000011        3.3854079547182430     
   8.3000000000000007        3.4113754495123296     
   8.4000000000000004        3.4325886568577242     
   8.5000000000000000        3.4480934105072869     
   8.5999999999999996        3.4571816537663764     
   8.7000000000000011        3.4594338121491104     
   8.8000000000000007        3.4547445009868127     
   8.9000000000000004        3.4433291368558550     
   9.0000000000000000        3.4257108249508272     
   9.0999999999999996        3.4026887747070500     
   9.2000000000000011        3.3752912056358677     
   9.3000000000000007        3.3447170247593316     
   9.4000000000000004        3.3122713261526395     
   9.5000000000000000        3.2792999037307218     
   9.6000000000000014        3.2471274937284811     
   9.7000000000000011        3.2170034736616495     
   9.8000000000000007        3.1900574104960318     
   9.9000000000000004        3.1672653862135105     
   10.000000000000000        3.1494266583459027     
   10.100000000000001        3.1371491372330991     
   10.200000000000001        3.1308415278343951     
   10.300000000000001        3.1307098630823358     
   10.400000000000000        3.1367565327811704     
   10.500000000000000        3.1487806880240066     
   10.600000000000001        3.1663799094903635     
   10.700000000000001        3.1889540616989356     
   10.800000000000001        3.2157131009058442     
   10.900000000000000        3.2456910781300281     
   11.000000000000000        3.2777685586498873     
   11.100000000000001        3.3107051271448107     
   11.200000000000001        3.3431826180808608     
   11.300000000000001        3.3738583445512282     
   11.400000000000000        3.4014261006600606     
   11.500000000000000        3.4246813194761234     
   11.600000000000001        3.4425857105000506     
   11.700000000000001        3.4543261626742718     
   11.800000000000001        3.4593627909995135     
   11.900000000000000        3.4574617428374346     
   12.000000000000000        3.4487096831695272     
   12.100000000000001        3.4335085812729185     
   12.200000000000001        3.4125513005572823     
   12.300000000000001        3.3867803004397050     
   12.400000000000000        3.3573332589850624     
   12.500000000000000        3.3254804302066212     
   12.600000000000001        3.2925589473317127     
   12.700000000000001        3.2599090490973315     
   12.800000000000001        3.2288164068445440     
   12.900000000000000        3.2004635108673840     
   13.000000000000000        3.1758916353174951     
   13.100000000000001        3.1559734662868966     
   13.200000000000001        3.1413952618025034     
   13.300000000000001        3.1326465873281855     
   13.400000000000000        3.1300153397303401     
   13.500000000000000        3.1335859565390587     
   13.600000000000001        3.1432393393274785     
   13.700000000000001        3.1586539581383297     
   13.800000000000001        3.1793086535291000     
   13.900000000000000        3.2044885987504572     
   14.000000000000000        3.2332965269265701     
   14.100000000000001        3.2646715166014748     
   14.200000000000001        3.2974172898255705     
   14.300000000000001        3.3302411272839163     
   14.400000000000000        3.3618032525819510     
   14.500000000000000        3.3907750652174369     
   14.600000000000001        3.4159031374532662     
   14.700000000000001        3.4360746716998847     
   14.800000000000001        3.4503793495533408     
   14.900000000000000        3.4581623344663055     
   15.000000000000000        3.4590636722170425     
   15.100000000000001        3.4530404244354833     
   15.200000000000001        3.4403694368365461     
   15.300000000000001        3.4216304814845917     
   15.400000000000000        3.3976713784637251     
   15.500000000000000        3.3695583518908041     
   15.600000000000001        3.3385160979015387     
   15.700000000000001        3.3058626925400212     
   15.800000000000001        3.2729444846351052     
   15.900000000000000        3.2410755336227548     
   16.000000000000000        3.2114850805455459     
   16.100000000000001        3.1852751634862941     
   16.199999999999999        3.1633890251015826     
   16.300000000000001        3.1465896321611271     
   16.400000000000002        3.1354466276654254     
   16.500000000000000        3.1303294989536630     
   16.600000000000001        3.1314047250538177     
   16.699999999999999        3.1386351312284546     
   16.800000000000001        3.1517805145516413     
   16.900000000000002        3.1703996345812273     
   17.000000000000000        3.1938546766291198     
   17.100000000000001        3.2213200813535465     
   17.199999999999999        3.2517980193763543     
   17.300000000000001        3.2841426662151076     
   17.400000000000002        3.3170947807198319     
   17.500000000000000        3.3493269817702451     
   17.600000000000001        3.3794987084401962     
   17.699999999999999        3.4063183522501710     
   17.800000000000001        3.4286087050568557     
   17.900000000000002        3.4453708966226428     
   18.000000000000000        3.4558415745793862     
   18.100000000000001        3.4595382988979728     
   18.199999999999999        3.4562889800520331     
   18.300000000000001        3.4462425861847157     
   18.400000000000002        3.4298601008083813     
   18.500000000000000        3.4078865973804535     
   18.600000000000001        3.3813070618834837     
   18.699999999999999        3.3512900109133943     
   18.800000000000001        3.3191238460331567     
   18.900000000000002        3.2861511587834356     
   19.000000000000000        3.2537058487805122     
   19.100000000000001        3.2230570229465454     
   19.200000000000003        3.1953623649857050     
   19.300000000000001        3.1716322082018444     
   19.400000000000002        3.1527041367095539     
   19.500000000000000        3.1392267884962188     
   19.600000000000001        3.1316507991016795     
   19.700000000000003        3.1302245952088370     
   19.800000000000001        3.1349930261919461     
   19.900000000000002        3.1457975262985958     
   20.000000000000000        3.1622774762913863     
   20.100000000000001        3.1838734797490420     
   20.200000000000003        3.2098341707236933     
   20.300000000000001        3.2392287332945662     
   20.400000000000002        3.2709674025609359     
   20.500000000000000        3.3038317739431862     
   20.600000000000001        3.3365158086436231     
   20.700000000000003        3.3676771117445399     
   20.800000000000001        3.3959965697238914     
   20.900000000000002        3.4202429994157542     
   21.000000000000000        3.4393383152347705     
   21.100000000000001        3.4524180631921166     
   21.200000000000003        3.4588821263432816     
   21.300000000000001        3.4584310131833478     
   21.400000000000002        3.4510843369984392     
   21.500000000000000        3.4371797309719088     
   21.600000000000001        3.4173523066451494     
   21.700000000000003        3.3924966058946948     
   21.800000000000001        3.3637145780120101     
   21.900000000000002        3.3322542338787282     
   22.000000000000000        3.2994441583927578     
   22.100000000000001        3.2666289571653935     
   22.200000000000003        3.2351100223763405     
   22.300000000000001        3.2060948558185078     
   22.400000000000002        3.1806567756345463     
   22.500000000000000        3.1597053791119816     
   22.600000000000001        3.1439668563637353     
   22.700000000000003        3.1339723319829593     
   22.800000000000001        3.1300519734632042     
   22.900000000000002        3.1323326844642896     
   23.000000000000000        3.1407377490436046     
   23.100000000000001        3.1549876819966842     
   23.200000000000003        3.1746025844377446     
   23.300000000000001        3.1989072888565193     
   23.400000000000002        3.2270412980467453     
   23.500000000000000        3.2579758143603534     
   23.600000000000001        3.2905399282668419     
   23.700000000000003        3.3234572859314238     
   23.800000000000001        3.3553933741686248     
   23.900000000000002        3.3850121166107083     
   24.000000000000000        3.4110389890115713     
   24.100000000000001        3.4323265731019923     
   24.200000000000003        3.4479175940907925     
   24.300000000000001        3.4571001857078336     
   24.400000000000002        3.4594504733289906     
   24.500000000000000        3.4548585380882697     
   24.600000000000001        3.4435353070882542     
   24.700000000000003        3.4259997152175248     
   24.800000000000001        3.4030473649207598     
   24.900000000000002        3.3757036239752698     
   25.000000000000000        3.3451654275540124     
   25.100000000000001        3.3127368285117638     
   25.200000000000003        3.2797634894689658     
   25.300000000000001        3.2475708437704833     
   25.400000000000002        3.2174096689635001     
   25.500000000000000        3.1904114858228825     
   25.600000000000001        3.1675547316777926     
   25.700000000000003        3.1496412833550700     
   25.800000000000001        3.1372818238906337     
   25.900000000000002        3.1308879062921462     
   26.000000000000000        3.1306684394435131     
   26.100000000000001        3.1366286917207558     
   26.200000000000003        3.1485706792498735     
   26.300000000000001        3.1660948122246158     
   26.400000000000002        3.1886037075718732     
   26.500000000000000        3.2153099259182727     
   26.600000000000001        3.2452498708863544     
   26.700000000000003        3.2773060760748738     
   26.800000000000001        3.3102395602652628     
   26.900000000000002        3.3427329077747765     
   27.000000000000000        3.3734433679384157     
   27.100000000000001        3.4010637698226884     
   27.200000000000003        3.4243876520622507     
   27.300000000000001        3.4423739434562304     
   27.400000000000002        3.4542059837217183     
   27.500000000000000        3.4593397565885087     
   27.600000000000001        3.4575369366447877     
   27.700000000000003        3.4488796475218697     
   27.800000000000001        3.4337655280010915     
   27.900000000000002        3.4128835811365574     
   28.000000000000000        3.3871730913524369     
   28.100000000000001        3.3577694001223533     
   28.200000000000003        3.3259413439853693     
   28.300000000000001        3.2930255650388713     
   28.400000000000002        3.2603626784794577     
   28.500000000000000        3.2292394896058787     
   28.600000000000001        3.2008402380240488     
   28.700000000000003        3.1762084092014096     
   28.800000000000001        3.1562192172192618     
   28.900000000000002        3.1415616422574844     
   29.000000000000000        3.1327280747769213     
   29.100000000000001        3.1300092803885073     
   29.200000000000003        3.1334925762661716     
   29.300000000000001        3.1430617364495799     
   29.400000000000002        3.1583980784280898     
   29.500000000000000        3.1789832329553325     
   29.600000000000001        3.2041050479248336     
   29.700000000000003        3.2328687249823580     
   29.800000000000001        3.2642154831806702     
   29.900000000000002        3.2969507123532495     
   30.000000000000000        3.3297827358784335     
   30.100000000000001        3.3613720546877839     
   30.200000000000003        3.3903894733744129     
   30.300000000000001        3.4155800431458467     
   30.400000000000002        3.4358285327270330     
   30.500000000000000        3.4502213652674651     
   30.600000000000001        3.4580997810989098     
   30.700000000000003        3.4590994592358282     
   30.800000000000001        3.4531729137318976     
   30.900000000000002        3.4405925419662915     
   31.000000000000000        3.4219340374154115     
   31.100000000000001        3.3980417468615318     
   31.200000000000003        3.3699792061985470     
   31.300000000000001        3.3389693189195788     
   31.400000000000002        3.3063293003995891     
   31.500000000000000        3.2734055371891717     
   31.600000000000001        3.2415129333016051     
   31.700000000000003        3.2118822494881205     
   31.800000000000001        3.1856175673624532     
   31.900000000000002        3.1636645462889388     
   32.000000000000000        3.1467888098175507     
   32.100000000000001        3.1355627933747012     
   32.200000000000003        3.1303588406406671     
   32.300000000000004        3.1313463085951563     
   32.399999999999999        3.1384908996757219     
   32.500000000000000        3.1515552712415689     
   32.600000000000001        3.1701010014464472     
   32.700000000000003        3.1934930058110451     
   32.800000000000004        3.2209082895561685     
   32.899999999999999        3.2513513123432909     
   33.000000000000000        3.2836781262019841     
   33.100000000000001        3.3166308025082221     
   33.200000000000003        3.3488825609853641     
   33.300000000000004        3.3790926070179657     
   33.399999999999999        3.4059681865634714     
   33.500000000000000        3.4283300190915904     
   33.600000000000001        3.4451762928037484     
   33.700000000000003        3.4557399764481511     
   33.800000000000004        3.4595344121742393     
   33.899999999999999        3.4563830024059570     
   34.000000000000000        3.4464301932987937     
   34.100000000000001        3.4301327100047394     
   34.200000000000003        3.4082318837010654     
   34.300000000000004        3.3817096785015854     
   34.399999999999999        3.3517324490483813     
   34.500000000000000        3.3195873611072435     
   34.600000000000001        3.2866166901437537     
   34.700000000000003        3.2541548693581577     
   34.800000000000004        3.2234722709912571     
   34.899999999999999        3.1957284298533644     
   35.000000000000000        3.1719359629475199     
   35.100000000000001        3.1529350288047837     
   35.200000000000003        3.1393770136663193     
   35.300000000000004        3.1317153902556907     
   35.399999999999999        3.1302014580413702     
   35.500000000000000        3.1348829458404142     
   35.600000000000001        3.1456041571537385     
   35.700000000000003        3.1620073122631309     
   35.800000000000004        3.1835357880099009     
   35.899999999999999        3.2094408611573528     
   36.000000000000000        3.2387941309775012     
   36.100000000000001        3.2705078930230895     
   36.200000000000003        3.3033653008627266     
   36.300000000000004        3.3360612198858424     
   36.399999999999999        3.3672533699552325     
   36.500000000000000        3.3956218649335894     
   36.600000000000001        3.4199338199022593     
   36.700000000000003        3.4391085460839412     
   36.800000000000004        3.4522781872219204     
   36.899999999999999        3.4588385981126928     
   37.000000000000000        3.4584858638649667     
   37.100000000000001        3.4512350474697988     
   37.200000000000003        3.4374193852082584     
   37.300000000000004        3.4176700107121989     
   37.399999999999999        3.3928781330775037     
   37.500000000000000        3.3641431810721043     
   37.600000000000001        3.3327115535032226     
   37.700000000000003        3.2999111538451551     
   37.800000000000004        3.2670867909348380     
   37.899999999999999        3.2355408439578062     
   38.000000000000000        3.2064824483151773     
   38.100000000000001        3.1809870496604682     
   38.200000000000003        3.1599667182877322     
   38.300000000000004        3.1441503346189510     
   38.400000000000006        3.1340718327041208     
   38.500000000000000        3.1300642431024266     
   38.600000000000001        3.1322573486227023     
   38.700000000000003        3.1405773085385085     
   38.800000000000004        3.1547474922872181     
   38.900000000000006        3.1742908069239886     
   39.000000000000000        3.1985347900363763     
   39.100000000000001        3.2266214650060041     
   39.200000000000003        3.2575242544466509     
   39.300000000000004        3.2900740277546259     
   39.400000000000006        3.3229956164012791     
   39.500000000000000        3.3549549543331674     
   39.600000000000001        3.3846155585886946     
   39.700000000000003        3.4107015782369028     
   39.800000000000004        3.4320633468410420     
   39.900000000000006        3.4477404921931019     
   40.000000000000000        3.4570173470239083     
   40.100000000000001        3.4594657418012966     
   40.200000000000003        3.4549712248499631     
   40.300000000000004        3.4437402312123786     
   40.400000000000006        3.4262875191582491     
   40.500000000000000        3.4034050746965372     
   40.600000000000001        3.3761154021549049     
   40.700000000000003        3.3456134518898222     
   40.800000000000004        3.3132022223648079     
   40.900000000000006        3.2802272324848936     
   41.000000000000000        3.2480146017879226     
   41.100000000000001        3.2178164989239675     
   41.200000000000003        3.1907663917248477     
   41.300000000000004        3.1678450682014607     
   41.400000000000006        3.1498570215883195     
   41.500000000000000        3.1374157060703638     
   41.600000000000001        3.1309355220340613     
   41.700000000000003        3.1306282541349089     
   41.800000000000004        3.1365020494005025     
   41.900000000000006        3.1483617893031743     
   42.000000000000000        3.1658107142826868     
   42.100000000000001        3.1882541951819205     
   42.200000000000003        3.2149073997373123     
   42.300000000000004        3.2448090885997405     
   42.400000000000006        3.2768437701423978     
   42.500000000000000        3.3097739058693083     
   42.600000000000001        3.3422828405971101     
   42.700000000000003        3.3730277721364419     
   42.800000000000004        3.4007005776104045     
   42.900000000000006        3.4240929142334204     
   43.000000000000000        3.4421609419845094     
   43.100000000000001        3.4540844610687946     
   43.200000000000003        3.4593153306017292     
   43.300000000000004        3.4576107553710203     
   43.400000000000006        3.4490483166637902     
   43.500000000000000        3.4340213179005703     
   43.600000000000001        3.4132148935057294     
   43.700000000000003        3.3875651419930390     
   43.800000000000004        3.3582050556544814     
   43.900000000000006        3.3264020403433041     
   44.000000000000000        3.2934922342000701     
   44.100000000000001        3.2608166172836204     
   44.200000000000003        3.2296631190815033     
   44.300000000000004        3.2012177208787476     
   44.400000000000006        3.1765261139790892     
   44.500000000000000        3.1564660368970934     
   44.600000000000001        3.1417291899353224     
   44.700000000000003        3.1328107875815423     
   44.800000000000004        3.1300044638521740     
   44.900000000000006        3.1334004155554602     
   45.000000000000000        3.1428852894061583     
   45.100000000000001        3.1581432508688754     
   45.200000000000003        3.1786587220372948     
   45.300000000000004        3.2037222276338890     
   45.400000000000006        3.2324414415218743     
   45.500000000000000        3.2637597288692812     
   45.600000000000001        3.2964841550406319     
   45.700000000000003        3.3293240959749273     
   45.800000000000004        3.3609403415973058     
   45.900000000000006        3.3900031144468845     
   46.000000000000000        3.4152559578450434     
   46.100000000000001        3.4355812192973234     
   46.200000000000003        3.4500620742113677     
   46.300000000000004        3.4580358477783522     
   46.400000000000006        3.4591338567605421     
   46.500000000000000        3.4533040682493921     
   46.600000000000001        3.4408144279467647     
   46.700000000000003        3.4222365437633755     
   46.800000000000004        3.3984112792191521     
   46.900000000000006        3.3703994699436999     
   47.000000000000000        3.3394222136998488     
   47.100000000000001        3.3067958520985825     
   47.200000000000003        3.2738667972321887     
   47.300000000000004        3.2419507871320432     
   47.400000000000006        3.2122800937468301     
   47.500000000000000        3.1859608358895728     
   47.600000000000001        3.1639410853419312     
   47.700000000000003        3.1469891198438495     
   47.800000000000004        3.1356801659064497     
   47.900000000000006        3.1303894230030656     
   48.000000000000000        3.1312891259479514     
   48.100000000000001        3.1383478544741088     
   48.200000000000003        3.1513311265999944     
   48.300000000000004        3.1698033399255716     
   48.400000000000006        3.1931321418902758     
   48.500000000000000        3.2204971053108045     
   48.600000000000001        3.2509049836856101     
   48.700000000000003        3.2832137124285383     
   48.800000000000004        3.3161666844763502     
   48.900000000000006        3.3484377313964142     
   49.000000000000000        3.3786858373497481     
   49.100000000000001        3.4056171158881403     
   49.200000000000003        3.4280502269718163     
   49.300000000000004        3.4449804287796248     
   49.400000000000006        3.4556370203582443     
   49.500000000000000        3.4595291320156747     
   49.600000000000001        3.4564756603387421     
   49.700000000000003        3.4466165277294980     
   49.800000000000004        3.4304041954052855     
   49.900000000000006        3.4085762434073703     
   50.000000000000000        3.3821116026579294     
   50.100000000000001        3.3521744530513762     
   50.200000000000003        3.3200507113443392     
   50.300000000000004        3.2870823242798570     
   50.400000000000006        3.2546042473620300     
   50.500000000000000        3.2238881087817952     
   50.600000000000001        3.1960952872485429     
   50.700000000000003        3.1722406783833295     
   50.800000000000004        3.1531670119089168     
   50.900000000000006        3.1395284205327494     
   51.000000000000000        3.1317812133454881     
   51.100000000000001        3.1301795623445132     
   51.200000000000003        3.1347740758246605     
   51.300000000000004        3.1454119267963669     
   51.400000000000006        3.1617381756805498     
   51.500000000000000        3.1831989738913493     
   51.600000000000001        3.2090482433467558     
   51.700000000000003        3.2383600025512842     
   51.800000000000004        3.2700486135226883     
   51.900000000000006        3.3028987961482859     
   52.000000000000000        3.3356063302564625     
   52.100000000000001        3.3668290624448862     
   52.200000000000003        3.3952463469476610     
   52.300000000000004        3.4196236102089186     
   52.400000000000006        3.4388775724649099     
   52.500000000000000        3.4521369854364723     
   52.600000000000001        3.4587936830168928     
   52.700000000000003        3.4585393307051113     
   52.800000000000004        3.4513844410349650     
   52.900000000000006        3.4376578493006837     
   53.000000000000000        3.4179867036068319     
   53.100000000000001        3.3932588698272479     
   53.200000000000003        3.3645712438786672     
   53.300000000000004        3.3331685993254583     
   53.400000000000006        3.3003781452346703     
   53.500000000000000        3.2675448817566242     
   53.600000000000001        3.2359721648972446     
   53.700000000000003        3.2068707555770497     
   53.800000000000004        3.1813182210437403     
   53.900000000000006        3.1602291006695022     
   54.000000000000000        3.1443349628747312     
   54.100000000000001        3.1341725500133331     
   54.200000000000003        3.1300777552697703     
   54.300000000000004        3.1321832405398053     
   54.400000000000006        3.1404180404749145     
   54.500000000000000        3.1545083795976803     
   54.600000000000001        3.1739799718877117     
   54.700000000000003        3.1981630619604355     
   54.800000000000004        3.2262021971295596     
   54.900000000000006        3.2570730254528208     
   55.000000000000000        3.2896082025472291     
   55.100000000000001        3.3225337546320355     
   55.200000000000003        3.3545160741193745     
   55.300000000000004        3.3842182841220256     
   55.400000000000006        3.4103632202076803     
   55.500000000000000        3.4317989804727893     
   55.600000000000001        3.4475621064490118     
   55.700000000000003        3.4569331384867970     
   55.800000000000004        3.4594796174277027     
   55.900000000000006        3.4550825602312703     
   56.000000000000000        3.4439439073488023     
   56.100000000000001        3.4265742341676524     
   56.200000000000003        3.4037619008546582     
   56.300000000000004        3.3765265365975492     
   56.400000000000006        3.3460610939791842     
   56.500000000000000        3.3136675038968635     
   56.600000000000001        3.2806911291028404     
   56.700000000000003        3.2484587643856528     
   56.800000000000004        3.2182239605395999     
   56.900000000000006        3.1911221256705664     
   57.000000000000000        3.1681363937778801     
   57.100000000000001        3.1500738715940724     
   57.200000000000003        3.1375507828905280     
   57.300000000000004        3.1309843747534334     
   57.400000000000006        3.1305893074253452     
   57.500000000000000        3.1363766066621519     
   57.600000000000001        3.1481540195919031     
   57.700000000000003        3.1655276176240834     
   57.800000000000004        3.1879055270112926     
   57.900000000000006        3.2145055253184411     
   58.000000000000000        3.2443687346228263     
   58.100000000000001        3.2763816444959613     
   58.200000000000003        3.3093081677546050     
   58.300000000000004        3.3418324203367784     
   58.400000000000006        3.3726115607444882     
   58.500000000000000        3.4003365272457415     
   58.600000000000001        3.4237971086568693     
   58.700000000000003        3.4419467080416815     
   58.800000000000004        3.4539615958440040     
   58.900000000000006        3.4592895132698249     
   59.000000000000000        3.4576831983343563     
   59.100000000000001        3.4492156890427426     
   59.200000000000003        3.4342759486420635     
   59.300000000000004        3.4135452346962407     
   59.400000000000006        3.3879564489221803     
   59.500000000000000        3.3586402218560569     
   59.600000000000001        3.3268625154553462     
   59.700000000000003        3.2939589510649934     
   59.800000000000004        3.2612708619865796     
   59.900000000000006        3.2300872920988111     
   60.000000000000000        3.2015959567021595     
   60.100000000000001        3.1768447474277570     
   60.200000000000003        3.1567139236427133     
   60.300000000000004        3.1418979037236743     
   60.400000000000006        3.1328947252034283     
   60.500000000000000        3.1300008901584633     
   60.600000000000001        3.1333094750183896     
   60.700000000000003        3.1427099993782979     
   60.800000000000004        3.1578894772005759     
   60.900000000000006        3.1783351230512848     
   61.000000000000000        3.2033401406499928     
   61.100000000000001        3.2320146797488132     
   61.200000000000003        3.2633042572084561     
   61.300000000000004        3.2960176216415431     
   61.400000000000006        3.3288652113868458     
   61.500000000000000        3.3605081170085751     
   61.600000000000001        3.3896159918313797     
   61.700000000000003        3.4149308844620894     
   61.800000000000004        3.4353327336702870     
   61.900000000000006        3.4499014778584947     
   62.000000000000000        3.4579705351018912     
   62.100000000000001        3.4591668644750677     
   62.200000000000003        3.4534338867776735     
   62.300000000000004        3.4410350927472422     
   62.400000000000006        3.4225379977986092     
   62.500000000000000        3.3987799722652468     
   62.600000000000001        3.3708191394934763     
   62.700000000000003        3.3398747784354899     
   62.800000000000004        3.3072623438367823     
   62.900000000000006        3.2743282611328892     
   63.000000000000000        3.2423890917873290     
   63.100000000000001        3.2126786104046201     
   63.200000000000003        3.1863049666349141     
   63.300000000000004        3.1642186403600028     
   63.400000000000006        3.1471905608984172     
   63.500000000000000        3.1357987444904216     
   63.600000000000001        3.1304212458460654     
   63.700000000000003        3.1312331774926632     
   63.800000000000004        3.1382059965761298     
   63.900000000000006        3.1511080821436135     
   64.000000000000000        3.1695066520825090     
   64.100000000000009        3.1927720874456611     
   64.200000000000003        3.2200865316569676     
   64.299999999999997        3.2504590368217618     
   64.400000000000006        3.2827494285798418     
   64.500000000000000        3.3157024304336358     
   64.600000000000009        3.3479924967699621     
   64.700000000000003        3.3782784029760862     
   64.799999999999997        3.4052651433522212     
   64.900000000000006        3.4277693312378590     
   65.000000000000000        3.4447833063539193     
   65.100000000000009        3.4555327072674604     
   65.200000000000003        3.4595224584749635     
   65.299999999999997        3.4565669529943701     
   65.400000000000006        3.4468015877644742     
   65.500000000000000        3.4306745545445616     
   65.600000000000009        3.4089196734253973     
   65.700000000000003        3.3825128308428472     
   65.799999999999997        3.3526160191632157     
   65.900000000000006        3.3205138929207560     
   66.000000000000000        3.2875480574744587     
   66.100000000000009        3.2550539793283120     
   66.200000000000003        3.2243045332253950     
   66.299999999999997        3.1964629345362372     
   66.400000000000006        3.1725463523900510     
   66.500000000000000        3.1534000844529819     
   66.600000000000009        3.1396810080942643     
   66.700000000000003        3.1318482679443269     
   66.799999999999997        3.1301589082671883     
   66.900000000000006        3.1346664168673231     
   67.000000000000000        3.1452208365172654     
   67.100000000000009        3.1614700683899342     
   67.200000000000003        3.1828630397699160     
   67.299999999999997        3.2086563201540161     
   67.400000000000006        3.2379263512934608     
   67.500000000000000        3.2695895676528779     
   67.600000000000009        3.3024322635780452     
   67.700000000000003        3.3351511435607026     
   67.799999999999997        3.3664041928676478     
   67.900000000000006        3.3948700190823748     
   68.000000000000000        3.4193123731325037     
   68.100000000000009        3.4386453964937154     
   68.200000000000003        3.4519944591444149     
   68.299999999999997        3.4587473814767815     
   68.400000000000006        3.4585914132105939     
   68.500000000000000        3.4515325163167985     
   68.600000000000009        3.4378951210717767     
   68.700000000000003        3.4183023824806886     
   68.799999999999997        3.3936388127877675     
   68.900000000000006        3.3649987627503823     
   69.000000000000000        3.3336253675261349     
   69.100000000000009        3.3008451287819454     
   69.200000000000003        3.2680032260489322     
   69.299999999999997        3.2364039819402395     
   69.400000000000006        3.2072597747762099     
   69.500000000000000        3.1816502874520309     
   69.600000000000009        3.1604925244637645     
   69.700000000000003        3.1445207398998529     
   69.799999999999997        3.1342744832520344     
   69.900000000000006        3.1300925098823345     
   70.000000000000000        3.1321103607075349     
   70.100000000000009        3.1402599459157789     
   70.200000000000003        3.1542703455527974     
   70.299999999999997        3.1736700814959860     
   70.400000000000006        3.1977921073020790     
   70.500000000000000        3.2257834975379014     
   70.600000000000009        3.2566221308588612     
   70.700000000000003        3.2891424563658833     
   70.799999999999997        3.3220717044385086     
   70.900000000000006        3.3540767372645091     
   71.000000000000000        3.3838202966855198     
   71.100000000000009        3.4100239179508192     
   71.200000000000003        3.4315334764049594     
   71.299999999999997        3.4473824385048868     
   71.400000000000006        3.4568475608813261     
   71.500000000000000        3.4594921000827905     
   71.600000000000009        3.4551925432039186     
   71.700000000000003        3.4441463336292473     
   71.799999999999997        3.4268598576495992     
   71.900000000000006        3.4041178402223400     
   72.000000000000000        3.3769370237303002     
   72.100000000000009        3.3465083500361983     
   72.200000000000003        3.3141326692921762     
   72.299999999999997        3.2811551756441384     
   72.400000000000006        3.2489033281637374     
   72.500000000000000        3.2186320508007635     
   72.600000000000009        3.1914786851215431     
   72.700000000000003        3.1684287063926955     
   72.799999999999997        3.1502918319127597     
   72.900000000000006        3.1376870534612125     
   73.000000000000000        3.1310344641354169     
   73.100000000000009        3.1305515995754769     
   73.200000000000003        3.1362523643393834     
   73.299999999999997        3.1479473715161177     
   73.400000000000006        3.1652455242006612     
   73.500000000000000        3.1875577055351201     
   73.600000000000009        3.2141043056108956     
   73.700000000000003        3.2439288123032934     
   73.799999999999997        3.2759197027758136     
   73.900000000000006        3.3088423497177621     
   74.000000000000000        3.3413816507840175     
   74.100000000000009        3.3721947373657151     
   74.200000000000003        3.3999716219577882     
   74.299999999999997        3.4235002380088297     
   74.400000000000006        3.4417312435954912     
   74.500000000000000        3.4538373891881191     
   74.600000000000009        3.4592623048363516     
   74.700000000000003        3.4577542648657085     
   74.799999999999997        3.4493817631179438     
   74.900000000000006        3.4345294179063979     
   75.000000000000000        3.4138746017474797     
   75.100000000000009        3.3883470087058711     
   75.200000000000003        3.3590748950044276     
   75.299999999999997        3.3273227654965369     
   75.400000000000006        3.2944257118811402     
   75.500000000000000        3.2617254090609054     
   75.600000000000009        3.2305120054795222     
   75.700000000000003        3.2019749427581510     
   75.799999999999997        3.1771643073171303     
   75.900000000000006        3.1569628757705659     
   76.000000000000000        3.1420677825020977     
   76.100000000000009        3.1329798870958410     
   76.200000000000003        3.1299985593363737     
   76.299999999999997        3.1332197552582990     
   76.400000000000006        3.1425358675390838     
   76.500000000000000        3.1576367591552339     
   76.600000000000009        3.1780124382662387     
   76.700000000000003        3.2029587897389100     
   76.800000000000011        3.2315884428613462     
   76.900000000000006        3.2628490717352929     
   77.000000000000000        3.2955511159078208     
   77.100000000000009        3.3284060859279121     
   77.200000000000003        3.3600753846225642     
   77.300000000000011        3.3892281089300091     
   77.400000000000006        3.4146048259162880     
   77.500000000000000        3.4350830781157087     
   77.600000000000009        3.4497395776940927     
   77.700000000000003        3.4579038436795502     
   77.800000000000011        3.4591984820761805     
   77.900000000000006        3.4535623681186691     
   78.000000000000000        3.4412545343478476     
   78.100000000000009        3.4228383968000995     
   78.200000000000003        3.3991478227348906     
   78.300000000000011        3.3712382112188219     
   78.400000000000006        3.3403270093208128     
   78.500000000000000        3.3077287718127097     
   78.600000000000009        3.2747899252565498     
   78.700000000000003        3.2428278439355980     
   78.800000000000011        3.2130777965380060     
   78.900000000000006        3.1866499571584961     
   79.000000000000000        3.1644972094348072     
   79.100000000000009        3.1473931316316177     
   79.200000000000003        3.1359185283482893     
   79.300000000000011        3.1304543089667534     
   79.400000000000006        3.1311784636015938     
   79.500000000000000        3.1380653269261924     
   79.600000000000009        3.1508861393811833     
   79.700000000000003        3.1692109399735600     
   79.800000000000011        3.1924128450490468     
   79.900000000000006        3.2196765716281850     
   80.000000000000000        3.2500134751655536     
   80.100000000000009        3.2822852783380894     
   80.200000000000003        3.3152380441888880     
   80.300000000000011        3.3475468608744392     
   80.400000000000006        3.3778703074420533     
   80.500000000000000        3.4049122720908716     
   80.600000000000009        3.4274873344394634     
   80.700000000000003        3.4445849273415678     
   80.800000000000011        3.4554270381460759     
   80.900000000000006        3.4595143916177422     
   81.000000000000000        3.4566568795294348     
   81.100000000000009        3.4469853717028300     
   81.200000000000003        3.4309437849668347     
   81.300000000000011        3.4092621706886508     
   81.400000000000006        3.3829133595515390     
   81.500000000000000        3.3530571436269776     
   81.600000000000009        3.3209769020125361     
   81.700000000000003        3.2880138860076844     
   81.800000000000011        3.2555040617886770     
   81.900000000000006        3.2247215412233903     
   82.000000000000000        3.1968313690745260     
   82.100000000000009        3.1728529828409266     
   82.200000000000003        3.1536342448601280     
   82.300000000000011        3.1398347753415239     
   82.400000000000006        3.1319165536173168     
   82.500000000000000        3.1301394959502153     
   82.600000000000009        3.1345599696830089     
   82.700000000000003        3.1450308875992885     
   82.800000000000011        3.1612029922299025     
   82.900000000000006        3.1825279880149147     
   83.000000000000000        3.2082650944348194     
   83.100000000000009        3.2374931804763842     
   83.200000000000003        3.2691307590032168     
   83.300000000000011        3.3019657069286756     
   83.400000000000006        3.3346956636045988     
   83.500000000000000        3.3659787648811270     
   83.600000000000009        3.3944928846600675     
   83.700000000000003        3.4190001114783795     
   83.800000000000011        3.4384120202970205     
   83.900000000000006        3.4518506096664829     
   84.000000000000000        3.4586996939261532     
   84.100000000000009        3.4586421109011249     
   84.200000000000003        3.4516792719502054     
   84.300000000000011        3.4381311983546201     
   84.400000000000006        3.4186170444938422     
   84.500000000000000        3.3940179586088934     
   84.600000000000009        3.3654257340092522     
   84.700000000000003        3.3340818542866848     
   84.800000000000011        3.3013121007059416     
   84.900000000000006        3.2684618202261979     
   85.000000000000000        3.2368362918270450     
   85.100000000000009        3.2076495030782075     
   85.200000000000003        3.1819832465456881     
   85.300000000000011        3.1607569878692332     
   85.400000000000006        3.1447076644550997     
   85.500000000000000        3.1343776317535732     
   85.600000000000009        3.1301085068490941     
   85.700000000000003        3.1320387096097981     
   85.800000000000011        3.1401030259160470     
   85.900000000000006        3.1540333917694712     
   86.000000000000000        3.1733611379084370     
   86.100000000000009        3.1974219287279269     
   86.200000000000003        3.2253653693457585     
   86.300000000000011        3.2561715741405117     
   86.400000000000006        3.2886767929294076     
   86.500000000000000        3.3216094696353862     
   86.600000000000009        3.3536369475082486     
   86.700000000000003        3.3834215997590826     
   86.800000000000011        3.4096836745008443     
   86.900000000000006        3.4312668370551616     
   87.000000000000000        3.4472014900186840     
   87.100000000000009        3.4567606150049666     
   87.200000000000003        3.4595031896541157     
   87.300000000000011        3.4553011727521725     
   87.400000000000006        3.4443475081966644     
   87.500000000000000        3.4271443870173233     
   87.600000000000009        3.4044728896337686     
   87.700000000000003        3.3773468599846317     
   87.800000000000011        3.3469552162766916     
   87.900000000000006        3.3145977147342562     
   88.000000000000000        3.2816193684271213     
   88.100000000000009        3.2493482897174553     
   88.200000000000003        3.2190407666916916     
   88.300000000000011        3.1918360675322219     
   88.400000000000006        3.1687220040239250     
   88.500000000000000        3.1505109010768844     
   88.600000000000009        3.1378245168844483     
   88.700000000000003        3.1310857898570648     
   88.800000000000011        3.1305151308378765     
   88.900000000000006        3.1361293232577969     
   89.000000000000000        3.1477418464679685     
   89.100000000000009        3.1649644359566449     
   89.200000000000003        3.1872107332214226     
   89.300000000000011        3.2137037435576952     
   89.400000000000006        3.2434893249839027     
   89.500000000000000        3.2754579486190103     
   89.600000000000009        3.3083764555542361     
   89.700000000000003        3.3409305357304357     
   89.800000000000011        3.3717773056072602     
   89.900000000000006        3.3996058649822642     
   90.000000000000000        3.4232023049745282     
   90.100000000000009        3.4415145506246452     
   90.200000000000003        3.4537118422542772     
   90.300000000000011        3.4592337055578488     
   90.400000000000006        3.4578239543087816     
   90.500000000000000        3.4495465373604230     
   90.600000000000009        3.4347817233845550     
   90.700000000000003        3.4142029917067891     
   90.800000000000011        3.3887368179155692     
   90.900000000000006        3.3595090713797200     
   91.000000000000000        3.3277827866421243     
   91.100000000000009        3.2948925128938553     
   91.200000000000003        3.2621802549751178     
   91.300000000000011        3.2309372560397098     
   91.400000000000006        3.2023546763038793     
   91.500000000000000        3.1774847914094808     
   91.600000000000009        3.1572128915872111     
   91.700000000000003        3.1422388251421327     
   91.800000000000011        3.1330662727039198     
   91.900000000000006        3.1299974714067424     
   92.000000000000000        3.1331312568704774     
   92.100000000000009        3.1423628950536342     
   92.200000000000003        3.1573850984571790     
   92.300000000000011        3.1776906699437517     
   92.400000000000006        3.2025781776597411     
   92.500000000000000        3.2311627340521185     
   92.600000000000009        3.2623941759829509     
   92.700000000000003        3.2950846415892956     
   92.800000000000011        3.3279467234122326     
   92.900000000000006        3.3596421481431338     
   93.000000000000000        3.3888394691503856     
   93.100000000000009        3.4142777851350119     
   93.200000000000003        3.4348322549135615     
   93.300000000000011        3.4495763752153099     
   93.400000000000006        3.4578357741341375     
   93.500000000000000        3.4592287092736065     
   93.600000000000009        3.4536895110865973     
   93.700000000000003        3.4414727507395630     
   93.800000000000011        3.4231377380557433     
   93.900000000000006        3.3995148273696518     
   94.000000000000000        3.3716566814946085     
   94.100000000000009        3.3407789025513419     
   94.200000000000003        3.3081951322236463     
   94.300000000000011        3.2752517859651165     
   94.400000000000006        3.2432670402399237     
   94.500000000000000        3.2134776492171677     
   94.600000000000009        3.1869958050131295     
   94.700000000000003        3.1647767906502837     
   94.800000000000011        3.1475968306858135     
   94.900000000000006        3.1360395166935660     
   95.000000000000000        3.1304886121540432     
   95.100000000000009        3.1311249846389604     
   95.200000000000003        3.1379258464607114     
   95.300000000000011        3.1506652998136340     
   95.400000000000006        3.1689162056475162     
   95.500000000000000        3.1920544172653345     
   95.600000000000009        3.2192672282519403     
   95.700000000000003        3.2495683021261490     
   95.800000000000011        3.2818212653826695     
   95.900000000000006        3.3147735295502199     
   96.000000000000000        3.3471008274800975     
   96.100000000000009        3.3774615542971818     
   96.200000000000003        3.4045585052462992     
   96.300000000000011        3.4272042391357962     
   96.400000000000006        3.4443852935687973     
   96.500000000000000        3.4553200139768725     
   96.600000000000009        3.4595049315226136     
   96.700000000000003        3.4567454391131589     
   96.800000000000011        3.4471678778552199     
   96.900000000000006        3.4312118842261454     
   97.000000000000000        3.4096037321381014     
   97.100000000000009        3.3833131852841447     
   97.200000000000003        3.3534978226879790     
   97.300000000000011        3.3214397347953950     
   97.400000000000006        3.2884798061571030     
   97.500000000000000        3.2559544912704084     
   97.600000000000009        3.2251391296712186     
   97.700000000000003        3.1972005882145513     
   97.800000000000011        3.1731605676015846     
   97.900000000000006        3.1538694915455734     
   98.000000000000000        3.1399897212571029     
   98.100000000000009        3.1319860699214539     
   98.200000000000003        3.1301213255262557     
   98.300000000000011        3.1344547349781839     
   98.400000000000006        3.1448420813173081     
   98.500000000000000        3.1609369490313690     
   98.600000000000009        3.1821938209883935     
   98.700000000000003        3.2078745690384003     
   98.800000000000011        3.2370604933671028     
   98.900000000000006        3.2686721911595855     
   99.000000000000000        3.3014991299751792     
   99.100000000000009        3.3342398941949982     
   99.200000000000003        3.3655527821462887     
   99.300000000000011        3.3941149470091259     
   99.400000000000006        3.4186868280603591     
   99.500000000000000        3.4381774460120456     
   99.600000000000009        3.4517054383354955     
   99.700000000000003        3.4586506208116417     
   99.800000000000011        3.4586914233092050     
   99.900000000000006        3.4518247065821095     
   100.00000000000000        3.4383660789928445     
