  0.10000000000000001       0.25918139392115791     
  0.20000000000000001       0.25397158610395482     
  0.30000000000000004       0.24622206242571221     
  0.40000000000000002       0.23601031812321246     
  0.50000000000000000       0.22343847063948061     
  0.60000000000000009       0.20863223844935394     
  0.70000000000000007       0.19173968387473372     
  0.80000000000000004       0.17292973246136617     
  0.90000000000000002       0.15239048372338496     
   1.0000000000000000       0.13032733014816988     
   1.1000000000000001       0.10696090327147312     
   1.2000000000000002        8.2524867362061619E-002
   1.3000000000000000        5.7263582779029501E-002
   1.4000000000000001        3.1429662368207087E-002
   1.5000000000000000        5.2814453337026064E-003
   1.6000000000000001       -2.0919586154138897E-002
   1.7000000000000002       -4.6911421780439014E-002
   1.8000000000000000       -7.2434143188934735E-002
   1.9000000000000001       -9.7232523165541110E-002
   2.0000000000000000      -0.12105857791049207     
   2.1000000000000001      -0.14367404687633811     
   2.2000000000000002      -0.16485277537342077     
   2.3000000000000003      -0.18438297611676924     
   2.4000000000000004      -0.20206934709895000     
   2.5000000000000000      -0.21773502461014127     
   2.6000000000000001      -0.23122335187523113     
   2.7000000000000002      -0.24239944562156868     
   2.8000000000000003      -0.25115154491169056     
   2.9000000000000004      -0.25739212875269551     
   3.0000000000000000      -0.26105879130617349     
   3.1000000000000001      -0.26211486594658973     
   3.2000000000000002      -0.26054979192754008     
   3.3000000000000003      -0.25637921998921503     
   3.4000000000000004      -0.24964485585099785     
   3.5000000000000000      -0.24041404315427067     
   3.6000000000000001      -0.22877909002600080     
   3.7000000000000002      -0.21485634599747092     
   3.8000000000000003      -0.19878503850896634     
   3.9000000000000004      -0.18072588063537209     
   4.0000000000000000      -0.16085946395542411     
   4.1000000000000005      -0.13938445263592189     
   4.2000000000000002      -0.11651559679006045     
   4.2999999999999998       -9.2481584976298409E-002
   4.4000000000000004       -6.7522757312773379E-002
   4.5000000000000000       -4.1888702076120624E-002
   4.6000000000000005       -1.5835759818706659E-002
   4.7000000000000002        1.0375540036894369E-002
   4.8000000000000007        3.6483084492126450E-002
   4.9000000000000004        6.2225798102437266E-002
   5.0000000000000000        8.7346253731723722E-002
   5.1000000000000005       0.11159324682369293     
   5.2000000000000002       0.13472430744742520     
   5.3000000000000007       0.15650812499668323     
   5.4000000000000004       0.17672686129597442     
   5.5000000000000000       0.19517832898230589     
   5.6000000000000005       0.21167801337881428     
   5.7000000000000002       0.22606091764153452     
   5.8000000000000007       0.23818321272783943     
   5.9000000000000004       0.24792367568686594     
   6.0000000000000000       0.25518490188902376     
   6.1000000000000005       0.25989427907229140     
   6.2000000000000002       0.26200471346483611     
   6.3000000000000007       0.26149510072273247     
   6.4000000000000004       0.25837053697340145     
   6.5000000000000000       0.25266226785433643     
   6.6000000000000005       0.24442737605672807     
   6.7000000000000002       0.23374821049855243     
   6.8000000000000007       0.22073156283539125     
   6.9000000000000004       0.20550759954387615     
   7.0000000000000000       0.18822856025692231     
   7.1000000000000005       0.16906723536739923     
   7.2000000000000002       0.14821523812420218     
   7.3000000000000007       0.12588108849976309     
   7.4000000000000004       0.10228812799032638     
   7.5000000000000000        7.7672286200986401E-002
   7.6000000000000005        5.2279721549636560E-002
   7.7000000000000002        2.6364359682790349E-002
   7.8000000000000007        1.8535421911623079E-004
   7.9000000000000004       -2.5995504786749047E-002
   8.0000000000000000       -5.1916408744746831E-002
   8.0999999999999996       -7.7318148615297150E-002
   8.2000000000000011      -0.10194670699969451     
   8.3000000000000007      -0.12555579831409491     
   8.4000000000000004      -0.14790933164535436     
   8.5000000000000000      -0.16878377166016029     
   8.5999999999999996      -0.18797037395836461     
   8.7000000000000011      -0.20527727251698527     
   8.8000000000000007      -0.22053139835043609     
   8.9000000000000004      -0.23358021020038253     
   9.0000000000000000      -0.24429321994832515     
   9.0999999999999996      -0.25256329749678452     
   9.2000000000000011      -0.25830774207027607     
   9.3000000000000007      -0.26146910922306482     
   9.4000000000000004      -0.26201578528362296     
   9.5000000000000000      -0.25994230349134484     
   9.6000000000000014      -0.25526939866415327     
   9.7000000000000011      -0.24804379985032018     
   9.8000000000000007      -0.23833776303798387     
   9.9000000000000004      -0.22624834859526774     
   10.000000000000000      -0.21189645066659893     
   10.100000000000001      -0.19542558823126413     
   10.200000000000001      -0.17700046991361668     
   10.300000000000001      -0.15680534689683306     
   10.400000000000000      -0.13504217041108113     
   10.500000000000000      -0.11192857222121838     
   10.600000000000001       -8.7695688309143455E-002
   10.700000000000001       -6.2585847513977083E-002
   10.800000000000001       -3.6850148243670944E-002
   10.900000000000000       -1.0745947490928092E-002
   11.000000000000000        1.5465712736724042E-002
   11.100000000000001        4.1522715837008936E-002
   11.200000000000001        6.7164491778923738E-002
   11.300000000000001        9.2134622803049307E-002
   11.400000000000000       0.11618340759914438     
   11.500000000000000       0.13907035831924799     
   11.600000000000001       0.16056660545615914     
   11.700000000000001       0.18045718653850870     
   11.800000000000001       0.19854319575547316     
   11.900000000000000       0.21464377301488291     
   12.000000000000000       0.22859791254414383     
   12.100000000000001       0.24026607294796329     
   12.200000000000001       0.24953157262230313     
   12.300000000000001       0.25630175657041993     
   12.400000000000000       0.26050892295283251     
   12.500000000000000       0.26211100010571681     
   12.600000000000001       0.26109196725754391     
   12.700000000000001       0.25746201473679559     
   12.800000000000001       0.25125744206867928     
   12.900000000000000       0.24254029497987620     
   13.000000000000000       0.23139774494127435     
   13.100000000000001       0.21794121745325978     
   13.200000000000001       0.20230527779071261     
   13.300000000000001       0.18464628535025832     
   13.400000000000000       0.16514083005630142     
   13.500000000000000       0.14398396646178152     
   13.600000000000001       0.12138726320264380     
   13.700000000000001        9.7576687311479643E-002
   13.800000000000001        7.2790344547200694E-002
   13.900000000000000        4.7276098337449737E-002
   14.000000000000000        2.1289091144324281E-002
   14.100000000000001       -4.9108069602444189E-003
   14.200000000000001       -3.1061596995210675E-002
   14.300000000000001       -5.6901771060224829E-002
   14.400000000000000       -8.2172927414636734E-002
   14.500000000000000      -0.10662235449490226     
   14.600000000000001      -0.13000555803021877     
   14.700000000000001      -0.15208870598523308     
   14.800000000000001      -0.17265096688039508     
   14.900000000000000      -0.19148671810675313     
   15.000000000000000      -0.20840760215204365     
   15.100000000000001      -0.22324441017581373     
   15.200000000000001      -0.23584877409782568     
   15.300000000000001      -0.24609465027885935     
   15.400000000000000      -0.25387957995710442     
   15.500000000000000      -0.25912571383577848     
   15.600000000000001      -0.26178059057609476     
   15.700000000000001      -0.26181766141065005     
   15.800000000000001      -0.25923655563109888     
   15.900000000000000      -0.25406308429523672     
   16.000000000000000      -0.24634898211642217     
   16.100000000000001      -0.23617139011644339     
   16.199999999999999      -0.22363208421530018     
   16.300000000000001      -0.20885645747200396     
   16.400000000000002      -0.19199226615398771     
   16.500000000000000      -0.17320815217443158     
   16.600000000000001      -0.15269195667313115     
   16.699999999999999      -0.13064884160509940     
   16.800000000000001      -0.10729923812101666     
   16.900000000000002       -8.2876642255723748E-002
   17.000000000000000       -5.7625279967873602E-002
   17.100000000000001       -3.1797664880344717E-002
   17.199999999999999       -5.6520731440123859E-003
   17.300000000000001        2.0550039323760070E-002
   17.400000000000002        4.6546651398294919E-002
   17.500000000000000        7.2077796958846821E-002
   17.600000000000001        9.6888164549810252E-002
   17.699999999999999       0.12072965049527559     
   17.800000000000001       0.14336383993578816     
   17.900000000000002       0.16456439097694286     
   18.000000000000000       0.18411929810832814     
   18.100000000000001       0.20183301225863012     
   18.199999999999999       0.21752839628634582     
   18.300000000000001       0.23104849635119806     
   18.400000000000002       0.24225811145253831     
   18.500000000000000       0.25104514543935319     
   18.600000000000001       0.25732172797177455     
   18.699999999999999       0.26102509322447814     
   18.800000000000001       0.26211820754493698     
   18.900000000000002       0.26059013978994638     
   19.000000000000000       0.25645617063705634     
   19.100000000000001       0.24975763977779575     
   19.200000000000003       0.24056153252075721     
   19.300000000000001       0.22895980993851109     
   19.400000000000002       0.21506848925687985     
   19.500000000000000       0.19902648368267983     
   19.600000000000001       0.18099421327165299     
   19.700000000000003       0.16115200072790964     
   19.800000000000001       0.13969826817688719     
   19.900000000000002       0.11684755294409585     
   20.000000000000000        9.2828362181863563E-002
   20.100000000000001        6.7880887797812636E-002
   20.200000000000003        4.2254604535783585E-002
   20.300000000000001        1.6205775228396700E-002
   20.400000000000002       -1.0005111831274154E-002
   20.500000000000000       -3.6115947772632259E-002
   20.600000000000001       -6.1865624236264044E-002
   20.700000000000003       -8.6996644457533190E-002
   20.800000000000001      -0.11125769823422700     
   20.900000000000002      -0.13440617502857855     
   21.000000000000000      -0.15621059007264429     
   21.100000000000001      -0.17645289921598362     
   21.200000000000003      -0.19493067936716310     
   21.300000000000001      -0.21145915272467095     
   21.400000000000002      -0.22587303455493207     
   21.500000000000000      -0.23802818603964387     
   21.600000000000001      -0.24780305566395924     
   21.700000000000003      -0.25509989473163502     
   21.800000000000001      -0.25984573485199447     
   21.900000000000002      -0.26199311762383398     
   22.000000000000000      -0.26152056921943512     
   22.100000000000001      -0.25843281512284189     
   22.200000000000003      -0.25276073287502027     
   22.300000000000001      -0.24456104329844844     
   22.400000000000002      -0.23391574328889211     
   22.500000000000000      -0.22093128584644689     
   22.600000000000001      -0.20573751554553718     
   22.700000000000003      -0.18848637008917210     
   22.800000000000001      -0.16935036093191530     
   22.900000000000002      -0.14852084816533934     
   23.000000000000000      -0.12620612691711000     
   23.100000000000001      -0.10262934439970955     
   23.200000000000003       -7.8026268438312021E-002
   23.300000000000001       -5.2642929792531365E-002
   23.400000000000002       -2.6733161848825394E-002
   23.500000000000000       -5.5606228663116972E-004
   23.600000000000001        2.5626597898429367E-002
   23.700000000000003        5.1552992104505611E-002
   23.800000000000001        7.6963856389536803E-002
   23.900000000000002       0.10160508211067262     
   24.000000000000000       0.12523025701070173     
   24.100000000000001       0.14760312934062381     
   24.200000000000003       0.16849997037713965     
   24.300000000000001       0.18771181170988410     
   24.400000000000002       0.20504653492552971     
   24.500000000000000       0.22033079279192003     
   24.600000000000001       0.23341174273039111     
   24.700000000000003       0.24415857524155832     
   24.800000000000001       0.25246382200030992     
   24.900000000000002       0.25824443053905843     
   25.000000000000000       0.26144259477241638     
   25.100000000000001       0.26202633305805012     
   25.200000000000003       0.25998980801310340     
   25.300000000000001       0.25535338488802561     
   25.400000000000002       0.24816342791406759     
   25.500000000000000       0.23849183666096888     
   25.600000000000001       0.22643532704126049     
   25.700000000000003       0.21211446415113949     
   25.800000000000001       0.19567245661950711     
   25.900000000000002       0.17727372452167964     
   26.000000000000000       0.15710225517863538     
   26.100000000000001       0.13535976328380475     
   26.200000000000003       0.11226367375613608     
   26.300000000000001        8.8044947490906050E-002
   26.400000000000002        6.2945771750766960E-002
   26.500000000000000        3.7217138293120205E-002
   26.600000000000001        1.1116333452542246E-002
   26.700000000000003       -1.5095634722561133E-002
   26.800000000000001       -4.1156646550438901E-002
   26.900000000000002       -6.6806091912812282E-002
   27.000000000000000       -9.1787476356057537E-002
   27.100000000000001      -0.11585098603574222     
   27.200000000000003      -0.13875598585506949     
   27.300000000000001      -0.16027342581584605     
   27.400000000000002      -0.18018813151846416     
   27.500000000000000      -0.19830095590589764     
   27.600000000000001      -0.21443077073427214     
   27.700000000000003      -0.22841627785530391     
   27.800000000000001      -0.24011762219778263     
   27.900000000000002      -0.24941779031828354     
   28.000000000000000      -0.25622378053560158     
   28.100000000000001      -0.26046753294756364     
   28.200000000000003      -0.26210661003005004     
   28.300000000000001      -0.26112462101223594     
   28.400000000000002      -0.25753138578429946     
   28.500000000000000      -0.25136283669852000     
   28.600000000000001      -0.24268065924575535     
   28.700000000000003      -0.23157167520053315     
   28.800000000000001      -0.21814697440330563     
   28.900000000000002      -0.20254080386204504     
   29.000000000000000      -0.18490922528216400     
   29.100000000000001      -0.16542855444946131     
   29.200000000000003      -0.14429359807226402     
   29.300000000000001      -0.12171570571434409     
   29.400000000000002       -9.7920656299280720E-002
   29.500000000000000       -7.3146400321224547E-002
   29.600000000000001       -4.7640680339956124E-002
   29.700000000000003       -2.1658553555288135E-002
   29.800000000000001        4.5401587649327342E-003
   29.900000000000002        3.0693469497504275E-002
   30.000000000000000        5.6539845535100774E-002
   30.100000000000001        8.1820823117346259E-002
   30.200000000000003       0.10628359246841829     
   30.300000000000001       0.12968352589480614     
   30.400000000000002       0.15178662406224591     
   30.500000000000000       0.17237185598906324     
   30.600000000000001       0.19123336935598995     
   30.700000000000003       0.20818254902935673     
   30.800000000000001       0.22304990321242996     
   30.900000000000002       0.23568675836337888     
   31.000000000000000       0.24596674593069401     
   31.100000000000001       0.25378706603870221     
   31.200000000000003       0.25906951548632340     
   31.300000000000001       0.26176126977908132     
   31.400000000000002       0.26183541137404842     
   31.500000000000000       0.25929119885527507     
   31.600000000000001       0.25415407434794896     
   31.700000000000003       0.24647540909714336     
   31.800000000000001       0.23633198975536632     
   31.900000000000002       0.22382525051603563     
   32.000000000000000       0.20908025877154457     
   32.100000000000001       0.19224446443933807     
   32.200000000000003       0.17348622546273818     
   32.300000000000004       0.15299312423151090     
   32.399999999999999       0.13097009175796853     
   32.500000000000000       0.10763735836684647     
   32.600000000000001        8.3228251392055946E-002
   32.700000000000003        5.7986861903344872E-002
   32.800000000000004        3.2165603795600350E-002
   32.899999999999999        6.0226896498998261E-003
   33.000000000000000       -2.0180451392299698E-002
   33.100000000000001       -4.6181787920576228E-002
   33.200000000000003       -7.1721306569646995E-002
   33.300000000000004       -9.6543612153021291E-002
   33.399999999999999      -0.12040048161486537     
   33.500000000000000      -0.14305334626056079     
   33.600000000000001      -0.16427567744365063     
   33.700000000000003      -0.18385525185230395     
   33.800000000000004      -0.20159627374243422     
   33.899999999999999      -0.21732133289514013     
   34.000000000000000      -0.23087317871889465     
   34.100000000000001      -0.24211629275546023     
   34.200000000000003      -0.25093824386447122     
   34.300000000000004      -0.25725081253483750     
   34.399999999999999      -0.26099087307985541     
   34.500000000000000      -0.26212102489407474     
   34.600000000000001      -0.26062996645935332     
   34.700000000000003      -0.25653260836003838     
   34.800000000000004      -0.24986992417712306     
   34.899999999999999      -0.24070854075243650     
   35.000000000000000      -0.22914007192022556     
   35.100000000000001      -0.21528020236881237     
   35.200000000000003      -0.19926753079371107     
   35.300000000000004      -0.18126218391067264     
   35.399999999999999      -0.16144421518852750     
   35.500000000000000      -0.14001180431449708     
   35.600000000000001      -0.11717927539732169     
   35.700000000000003       -9.3174953726173085E-002
   35.800000000000004       -6.8238882517762750E-002
   35.899999999999999       -4.2620422484174789E-002
   36.000000000000000       -1.6575758225745075E-002
   36.100000000000001        9.6346636149420919E-003
   36.200000000000003        3.5748738819479840E-002
   36.300000000000004        6.1505326635822789E-002
   36.399999999999999        8.6646861185807500E-002
   36.500000000000000       0.11092192712393414     
   36.600000000000001       0.13408777379082143     
   36.700000000000003       0.15591274271980052     
   36.800000000000004       0.17617858422158161     
   36.899999999999999       0.19468263988114687     
   37.000000000000000       0.21123986914190065     
   37.100000000000001       0.22568469971123545     
   37.200000000000003       0.23787268328345787     
   37.300000000000004       0.24768194002284571     
   37.399999999999999       0.25501437736200511     
   37.500000000000000       0.25979667092754444     
   37.600000000000001       0.26198099778380834     
   37.700000000000003       0.26154551466223414     
   37.800000000000004       0.25849457639403761     
   37.899999999999999       0.25285869236190073     
   38.000000000000000       0.24469422140614483     
   38.100000000000001       0.23408280823632746     
   38.200000000000003       0.22113056698414682     
   38.300000000000004       0.20596702006212472     
   38.400000000000006       0.18874380293948137     
   38.500000000000000       0.16963314778744321     
   38.600000000000001       0.14882616115753061     
   38.700000000000003       0.12653091291604271     
   38.800000000000004       0.10297035554539438     
   38.900000000000006        7.8380094619292115E-002
   39.000000000000000        5.3006032746996924E-002
   39.100000000000001        2.7101910547231767E-002
   39.200000000000003        9.2676924199429009E-004
   39.300000000000004       -2.5257639755663131E-002
   39.400000000000006       -5.1189472355763918E-002
   39.500000000000000       -7.6609410232307079E-002
   39.600000000000001      -0.10126325400652716     
   39.700000000000003      -0.12490446524068198     
   39.800000000000004      -0.14729663182242997     
   39.900000000000006      -0.16821583208595367     
   40.000000000000000      -0.18745287402861782     
   40.100000000000001      -0.20481538723099579     
   40.200000000000003      -0.22012974656106382     
   40.300000000000004      -0.23324280842552120     
   40.400000000000006      -0.24402344220572336     
   40.500000000000000      -0.25236384156386832     
   40.600000000000001      -0.25818060250637459     
   40.700000000000003      -0.26141555742381711     
   40.800000000000004      -0.26203635676702147     
   40.900000000000006      -0.26003679254255557     
   41.000000000000000      -0.25543686039266411     
   41.100000000000001      -0.24828255963884605     
   41.200000000000003      -0.23864543328863952     
   41.300000000000004      -0.22662185260554660     
   41.400000000000006      -0.21233205339639821     
   41.500000000000000      -0.19591893365328583     
   41.600000000000001      -0.17754662457364059     
   41.700000000000003      -0.15739884924825895     
   41.800000000000004      -0.13567708543039472     
   41.900000000000006      -0.11259855075822654     
   42.000000000000000       -8.8394030578476085E-002
   42.100000000000001       -6.3305570092940883E-002
   42.200000000000003       -3.7584053906476261E-002
   42.300000000000004       -1.1486697180946880E-002
   42.400000000000006        1.4725526516391970E-002
   42.500000000000000        4.0790494948566902E-002
   42.600000000000001        6.6447558431256160E-002
   42.700000000000003        9.1440146329632849E-002
   42.800000000000004       0.11551833276471321     
   42.900000000000006       0.13844133587214644     
   43.000000000000000       0.15997992562085822     
   43.100000000000001       0.17991871611336141     
   43.200000000000003       0.19805831944473098     
   43.300000000000004       0.21421733958165326     
   43.400000000000006       0.22823418632275899     
   43.500000000000000       0.23996869120063713     
   43.600000000000001       0.24930350916650890     
   43.700000000000003       0.25614529204071557     
   43.800000000000004       0.26042562199451508     
   43.900000000000006       0.26210169572836944     
   44.000000000000000       0.26115675250494014     
   44.100000000000001       0.25760024175646140     
   44.200000000000003       0.25146772859041805     
   44.300000000000004       0.24282053813847054     
   44.400000000000006       0.23174514230513832     
   44.500000000000000       0.21835229504875472     
   44.600000000000001       0.20277592484188356     
   44.700000000000003       0.18517179538659356     
   44.800000000000004       0.16571594797743763     
   44.900000000000006       0.14460294108850733     
   45.000000000000000       0.12204390478869195     
   45.100000000000001        9.8264429440989648E-002
   45.200000000000003        7.3502309798877452E-002
   45.300000000000004        4.8005167058776485E-002
   45.400000000000006        2.2027972648087746E-002
   45.500000000000000       -4.1695014890818678E-003
   45.600000000000001       -3.0325280611360663E-002
   45.700000000000003       -5.6177806927525852E-002
   45.800000000000004       -8.1468555174415785E-002
   45.900000000000006      -0.10594461786956155     
   46.000000000000000      -0.12936123438601171     
   46.100000000000001      -0.15148423855860174     
   46.200000000000003      -0.17209240034560574     
   46.300000000000004      -0.19097963812915369     
   46.400000000000006      -0.20795707953141013     
   46.500000000000000      -0.22285495013835244     
   46.600000000000001      -0.23552427124391123     
   46.700000000000003      -0.24583834963703091     
   46.800000000000004      -0.25369404453378031     
   46.900000000000006      -0.25901279898519186     
   47.000000000000000      -0.26174142544675150     
   47.100000000000001      -0.26185263765384365     
   47.200000000000003      -0.25934532348439737     
   47.300000000000004      -0.25424455608010710     
   47.400000000000006      -0.24660134311501575     
   47.500000000000000      -0.23649211671877424     
   47.600000000000001      -0.22401796915534500     
   47.700000000000003      -0.20930364190036230     
   47.800000000000004      -0.19249627822637599     
   47.900000000000006      -0.17376395177012591     
   48.000000000000000      -0.15329398579617456     
   48.100000000000001      -0.13129107996426148     
   48.200000000000003      -0.10797526333270578     
   48.300000000000004       -8.3579694067823035E-002
   48.400000000000006       -5.8348327862262045E-002
   48.500000000000000       -3.2533478378078434E-002
   48.600000000000001       -6.3932941101140436E-003
   48.700000000000003        1.9810823098951488E-002
   48.800000000000004        4.5816832077027511E-002
   48.900000000000006        7.1364672734333251E-002
   49.000000000000000        9.6198866664295668E-002
   49.100000000000001       0.12007107192761513     
   49.200000000000003       0.14274256647165842     
   49.300000000000004       0.16398663535098515     
   49.400000000000006       0.18359083787680203     
   49.500000000000000       0.20135913202385086     
   49.600000000000001       0.21711383485066121     
   49.700000000000003       0.23069739932896494     
   49.800000000000004       0.24197398981397902     
   49.900000000000006       0.25083084040085329     
   50.000000000000000       0.25717938258371903     
   50.100000000000001       0.26095613094074760     
   50.200000000000003       0.26212331798836869     
   50.300000000000004       0.26066927185610611     
   50.400000000000006       0.25660853300528247     
   50.500000000000000       0.24998170882440598     
   50.600000000000001       0.24085506755528543     
   50.700000000000003       0.22931987561061204     
   50.800000000000004       0.21549148490983253     
   50.900000000000006       0.19950817935995468     
   51.000000000000000       0.18152979201647729     
   51.100000000000001       0.16173610675283512     
   51.200000000000003       0.14032506042166459     
   51.300000000000004       0.11751076348627743     
   51.400000000000006        9.3521358916027489E-002
   51.500000000000000        6.8596740756617272E-002
   51.600000000000001        4.2986155189640884E-002
   51.700000000000003        1.6945708070768090E-002
   51.800000000000004       -9.2641961288123867E-003
   51.900000000000006       -3.5381458367104740E-002
   52.000000000000000       -6.1144906021726043E-002
   52.100000000000001       -8.6296904616130085E-002
   52.200000000000003      -0.11058593416437282     
   52.300000000000004      -0.13376910437097184     
   52.400000000000006      -0.15561458353386112     
   52.500000000000000      -0.17590391686141180     
   52.600000000000001      -0.19443421102034836     
   52.700000000000003      -0.21102016306908145     
   52.800000000000004      -0.22549591348712372     
   52.900000000000006      -0.23771670477029475     
   53.000000000000000      -0.24756032900576283     
   53.100000000000001      -0.25492834995117331     
   53.200000000000003      -0.25974708739707203     
   53.300000000000004      -0.26196835396900003     
   53.400000000000006      -0.26156993700123804     
   53.500000000000000      -0.25855582066346366     
   53.600000000000001      -0.25295614611905465     
   53.700000000000003      -0.24482691011345509     
   53.800000000000004      -0.23424940500672098     
   53.900000000000006      -0.22132940584991964     
   54.000000000000000      -0.20619611263461912     
   54.100000000000001      -0.18900085829297242     
   54.200000000000003      -0.16991559536839598     
   54.300000000000004      -0.14913117649013558     
   54.400000000000006      -0.12685544584697381     
   54.500000000000000      -0.10331116074534231     
   54.600000000000001       -7.8733764036257398E-002
   54.700000000000003       -5.3369029686809899E-002
   54.800000000000004       -2.7470605040494304E-002
   54.900000000000006       -1.2974743437737662E-003
   55.000000000000000        2.4888631096384509E-002
   55.100000000000001        5.0825850225578936E-002
   55.200000000000003        7.6254810852517577E-002
   55.300000000000004       0.10092122337093104     
   55.400000000000006       0.12457842365563519     
   55.500000000000000       0.14698983970378299     
   55.600000000000001       0.16793135735489295     
   55.700000000000003       0.18719356143245400     
   55.800000000000004       0.20458382989569049     
   55.900000000000006       0.21992826005997007     
   56.000000000000000       0.23307340762364998     
   56.100000000000001       0.24388782111109336     
   56.200000000000003       0.25226335638742581     
   56.300000000000004       0.25811625809988403     
   56.400000000000006       0.26138799723134337     
   56.500000000000000       0.26204585639048927     
   56.600000000000001       0.26008325698573032     
   56.700000000000003       0.25551982501111403     
   56.800000000000004       0.24840119478638661     
   56.900000000000006       0.23879855261379535     
   57.000000000000000       0.22680792491506613     
   57.100000000000001       0.21254921796718623     
   57.200000000000003       0.19616501883963447     
   57.300000000000004       0.17781916952368637     
   57.400000000000006       0.15769512851250142     
   57.500000000000000       0.13599413621619144     
   57.600000000000001       0.11293320255771955     
   57.700000000000003        8.8742936873670464E-002
   57.800000000000004        6.3665241820884677E-002
   57.900000000000006        3.7950894349890039E-002
   58.000000000000000        1.1857037935396501E-002
   58.100000000000001       -1.4355388858451005E-002
   58.200000000000003       -4.0424261763713998E-002
   58.300000000000004       -6.6088892051339859E-002
   58.400000000000006       -9.1092633418452321E-002
   58.500000000000000      -0.11518544845138026     
   58.600000000000001      -0.13812640899979439     
   58.700000000000003      -0.15968610545821058     
   58.800000000000004      -0.17964894086204466     
   58.900000000000006      -0.19781528685725830     
   59.000000000000000      -0.21400347998389935     
   59.100000000000001      -0.22805163831070141     
   59.200000000000003      -0.23981928025439644     
   59.300000000000004      -0.24918872939554754     
   59.400000000000006      -0.25606629124274316     
   59.500000000000000      -0.26038319017751133     
   59.600000000000001      -0.26209625721050439     
   59.700000000000003      -0.26118836167139242     
   59.800000000000004      -0.25766858251556651     
   59.900000000000006      -0.25157211753458492     
   60.000000000000000      -0.24295993137825750     
   60.100000000000001      -0.23191814590814749     
   60.200000000000003      -0.21855717897895602     
   60.300000000000004      -0.20301064025997498     
   60.400000000000006      -0.18543399513839420     
   60.500000000000000      -0.16600301006542947     
   60.600000000000001      -0.14491199489181045     
   60.700000000000003      -0.12237185976927333     
   60.800000000000004       -9.8608006049043462E-002
   60.900000000000006       -7.3858072268323166E-002
   61.000000000000000       -4.8369557764919635E-002
   61.100000000000001       -2.2397347683866912E-002
   61.200000000000003        3.7988358740244782E-003
   61.300000000000004        2.9957031073175627E-002
   61.400000000000006        5.5815655961595018E-002
   61.500000000000000        8.1116124290398453E-002
   61.600000000000001       0.10560543137629791     
   61.700000000000003       0.12903868414843439     
   61.800000000000004       0.15118155007908651     
   61.900000000000006       0.17181260050894778     
   62.000000000000000       0.19072552493371958     
   62.100000000000001       0.20773119410915417     
   62.200000000000003       0.22265955134349721     
   62.300000000000004       0.23536131306440528     
   62.400000000000006       0.24570946165466931     
   62.500000000000000       0.25360051562838665     
   62.600000000000001       0.25895556444582013     
   62.700000000000003       0.26172105761879538     
   62.800000000000004       0.26186934021558267     
   62.900000000000006       0.25939892941021414     
   63.000000000000000       0.25433452931074346     
   63.100000000000001       0.24672678391816535     
   63.200000000000003       0.23665177068640561     
   63.300000000000004       0.22421023974778181     
   63.400000000000006       0.20952660641168019     
   63.500000000000000       0.19274770701146177     
   63.600000000000001       0.17404133054112872     
   63.700000000000003       0.15359454076538440     
   63.800000000000004       0.13161180558198621     
   63.900000000000006       0.10831295234276817     
   64.000000000000000        8.3930969580122444E-002
   64.100000000000009        5.8709677121675505E-002
   64.200000000000003        3.2901287892011806E-002
   64.299999999999997        6.7638857834279864E-003
   64.400000000000006       -1.9441155182990111E-002
   64.500000000000000       -4.5451784597578301E-002
   64.600000000000009       -7.1007896166190715E-002
   64.700000000000003       -9.5853928773141223E-002
   64.799999999999997      -0.11974142209236031     
   64.900000000000006      -0.14243150119065578     
   65.000000000000000      -0.16369726527704470     
   65.100000000000009      -0.18332605671066318     
   65.200000000000003      -0.20112158757717502     
   65.299999999999997      -0.21690590256791512     
   65.400000000000006      -0.23052115853297606     
   65.500000000000000      -0.24183120291270724     
   65.600000000000009      -0.25072293526331135     
   65.700000000000003      -0.25710743826128235     
   65.799999999999997      -0.26092086687664051     
   65.900000000000006      -0.26212508682323227     
   66.000000000000000      -0.26070805590159174     
   66.100000000000009      -0.25668394442093528     
   66.200000000000003      -0.25009299349606945     
   66.299999999999997      -0.24100111263624294     
   66.400000000000006      -0.22949922065005399     
   66.500000000000000      -0.21570233645736450     
   66.600000000000009      -0.19974842890010136     
   66.700000000000003      -0.18179703705383721     
   66.799999999999997      -0.16202767483703467     
   66.900000000000006      -0.14063803587186180     
   67.000000000000000      -0.11784201654797032     
   67.100000000000009       -9.3867577058599133E-002
   67.200000000000003       -6.8954461798641953E-002
   67.299999999999997       -4.3351801920698360E-002
   67.400000000000006       -1.7315624023547777E-002
   67.500000000000000        8.8937101138382851E-003
   67.600000000000009        3.5014107150085960E-002
   67.700000000000003        6.0784363114832776E-002
   67.799999999999997        8.5946775448431267E-002
   67.900000000000006       0.11024972002754545     
   68.000000000000000       0.13345016740638416     
   68.100000000000009       0.15531611311115903     
   68.200000000000003       0.17562889768482232     
   68.299999999999997       0.19418539328163739     
   68.400000000000006       0.21080003494563609     
   68.500000000000000       0.22530667626017842     
   68.600000000000009       0.23756025081211896     
   68.700000000000003       0.24743822285593831     
   68.799999999999997       0.25484181267119826     
   68.900000000000006       0.25969698435974625     
   69.000000000000000       0.26195518620469677     
   69.100000000000009       0.26159383618760035     
   69.200000000000003       0.25861654780862792     
   69.299999999999997       0.25305309395156922     
   69.400000000000006       0.24495910915499480     
   69.500000000000000       0.23441553326687042     
   69.600000000000009       0.22152780204607736     
   69.700000000000003       0.20642479280482351     
   69.799999999999997       0.18925753563552145     
   69.900000000000006       0.17019770310986415     
   70.000000000000000       0.14943589355310821     
   70.100000000000009       0.12717972506082120     
   70.200000000000003       0.10365175931792597     
   70.299999999999997        7.9087275981851488E-002
   70.400000000000006        5.3731919885958490E-002
   70.500000000000000        2.7839244591205903E-002
   70.600000000000009        1.6681768505412559E-003
   70.700000000000003       -2.4519572658628801E-002
   70.799999999999997       -5.0462126441212569E-002
   70.900000000000006       -7.5900058959384203E-002
   71.000000000000000      -0.10057899088796200     
   71.100000000000009      -0.12425213290766018     
   71.200000000000003      -0.14668275359828176     
   71.299999999999997      -0.16764654675292051     
   71.400000000000006      -0.18693387444003007     
   71.500000000000000      -0.20435186338273931     
   71.600000000000009      -0.21972633369162117     
   71.700000000000003      -0.23290354066358682     
   71.799999999999997      -0.24375171222891659     
   71.900000000000006      -0.25216236667195718     
   72.000000000000000      -0.25805139744827821     
   72.100000000000009      -0.26135991425011645     
   72.200000000000003      -0.26205483190945356     
   72.299999999999997      -0.26012920124969613     
   72.400000000000006      -0.25560227857744172     
   72.500000000000000      -0.24851933311941291     
   72.600000000000009      -0.23895119433018996     
   72.700000000000003      -0.22699354359766510     
   72.799999999999997      -0.21276595742916360     
   72.900000000000006      -0.19641071168637048     
   73.000000000000000      -0.17809135882671365     
   73.100000000000009      -0.15799109237878967     
   73.200000000000003      -0.13631091500707779     
   73.299999999999997      -0.11326762848529513     
   73.400000000000006       -8.9091665678659532E-002
   73.500000000000000       -6.4024786215237328E-002
   73.600000000000009       -3.8317658889662758E-002
   73.700000000000003       -1.2227354975191559E-002
   73.799999999999997        1.3985222489031557E-002
   73.900000000000006        4.0057947728364358E-002
   74.000000000000000        6.5730093490413519E-002
   74.100000000000009        9.0744938317558546E-002
   74.200000000000003       0.11485233376152798     
   74.299999999999997       0.13781120586788215     
   74.400000000000006       0.15939196591555749     
   74.500000000000000       0.17937880630407727     
   74.600000000000009       0.19757185862955626     
   74.700000000000003       0.21378919236873969     
   74.799999999999997       0.22786863418423572     
   74.900000000000006       0.23966938965788939     
   75.000000000000000       0.24907345123496416     
   75.100000000000009       0.25598677829968930     
   75.200000000000003       0.26034023758141756     
   75.299999999999997       0.26209029448733162     
   75.400000000000006       0.26121944844837236     
   75.500000000000000       0.25773640792492941     
   75.600000000000009       0.25167600332223716     
   75.700000000000003       0.24309883868632254     
   75.799999999999997       0.23209068566354468     
   75.900000000000006       0.21876162578413139     
   76.000000000000000       0.20324494964687675     
   76.100000000000009       0.18569582401315338     
   76.200000000000003       0.16628974013929845     
   76.299999999999997       0.14522075886405056     
   76.400000000000006       0.12269957000016214     
   76.500000000000000        9.8951385436272105E-002
   76.600000000000009        7.4213687018019350E-002
   76.700000000000003        4.8733851729586400E-002
   76.800000000000011        2.2766677923857583E-002
   76.900000000000006       -3.4281626611098112E-003
   77.000000000000000       -2.9588721619466109E-002
   77.100000000000009       -5.5453393361627745E-002
   77.200000000000003       -8.0763531170173097E-002
   77.300000000000011      -0.10526603366701671     
   77.400000000000006      -0.12871587582719018     
   77.500000000000000      -0.15087855922909174     
   77.600000000000009      -0.17153245703870237     
   77.700000000000003      -0.19047103027792600     
   77.800000000000011      -0.20750489321437035     
   77.900000000000006      -0.22246370721867101     
   78.000000000000000      -0.23519788415078494     
   78.100000000000009      -0.24558008224139102     
   78.200000000000003      -0.25350647950958322     
   78.300000000000011      -0.25889781198267958     
   78.400000000000006      -0.26170016633594911     
   78.500000000000000      -0.26188551902585916     
   78.600000000000009      -0.25945201652551064     
   78.700000000000003      -0.25442399385990699     
   78.800000000000011      -0.24685173125570428     
   78.900000000000006      -0.23681095133894453     
   79.000000000000000      -0.22440206190879533     
   79.100000000000009      -0.20974915185955817     
   79.200000000000003      -0.19299875029172545     
   79.300000000000011      -0.17431836122097547     
   79.400000000000006      -0.15389478853801572     
   79.500000000000000      -0.13193226796967583     
   79.600000000000009      -0.10865042472163917     
   79.700000000000003       -8.4282077226386115E-002
   79.800000000000011       -5.9070908958869198E-002
   79.900000000000006       -3.3269031601763588E-002
   80.000000000000000       -7.1344639286403423E-003
   80.100000000000009        1.9071448383769306E-002
   80.200000000000003        4.5086646212341257E-002
   80.300000000000011        7.0650977578789798E-002
   80.400000000000006        9.5508799169450445E-002
   80.500000000000000       0.11941153276841658     
   80.600000000000009       0.14212015103969855     
   80.700000000000003       0.16340756780058352     
   80.800000000000011       0.18306090888346266     
   80.900000000000006       0.20088364087750718     
   81.000000000000000       0.21669753646277662     
   81.100000000000009       0.23034445668341830     
   81.200000000000003       0.24168793233722580     
   81.300000000000011       0.25061452866766104     
   81.400000000000006       0.25703497971141970     
   81.500000000000000       0.26088508095806412     
   81.600000000000009       0.26212633139512792     
   81.700000000000003       0.26074631851824043     
   81.800000000000011       0.25675884245617053     
   81.900000000000006       0.25020377796953897     
   82.000000000000000       0.24114667570321199     
   82.100000000000009       0.22967810667985289     
   82.200000000000003       0.21591275658969525     
   82.300000000000011       0.19998827893364066     
   82.400000000000006       0.18206391848824965     
   82.500000000000000       0.16231891885797617     
   82.600000000000009       0.14095073003912292     
   82.700000000000003       0.11817303391987843     
   82.800000000000011        9.4213607461435173E-002
   82.900000000000006        6.9312044928377559E-002
   83.000000000000000        4.3717361946036162E-002
   83.100000000000009        1.7685505344234406E-002
   83.200000000000003       -8.5232063110096956E-003
   83.300000000000011       -3.4646685903143695E-002
   83.400000000000006       -6.0423698636246262E-002
   83.500000000000000       -8.5596474382986371E-002
   83.600000000000009      -0.10991328538589662     
   83.700000000000003      -0.13313096353494791     
   83.800000000000011      -0.15501733204864970     
   83.900000000000006      -0.17535352724186501     
   84.000000000000000      -0.19393618716266167     
   84.100000000000009      -0.21057948521183170     
   84.200000000000003      -0.22511698840888342     
   84.300000000000011      -0.23740332172184631     
   84.400000000000006      -0.24731562181759073     
   84.500000000000000      -0.25475476569515926     
   84.600000000000009      -0.25964636191577617     
   84.700000000000003      -0.26194149451723531     
   84.800000000000011      -0.26161721217352213     
   84.900000000000006      -0.25867675770807369     
   85.000000000000000      -0.25314953566554455     
   85.100000000000009      -0.24509081826635995     
   85.200000000000003      -0.23458119268451175     
   85.300000000000011      -0.22172575517581844     
   85.400000000000006      -0.20665306011536694     
   85.500000000000000      -0.18951383445376177     
   85.600000000000009      -0.17047947044761896     
   85.700000000000003      -0.14974031173699998     
   85.800000000000011      -0.12750374990901100     
   85.900000000000006      -0.10399215058193191     
   86.000000000000000       -7.9440629749033501E-002
   86.100000000000009       -5.4094702618644755E-002
   86.200000000000003       -2.8207828462069564E-002
   86.300000000000011       -2.0388760208736763E-003
   86.400000000000006        2.4150465180530951E-002
   86.500000000000000        5.0098301730130274E-002
   86.600000000000009        7.5545155262428290E-002
   86.700000000000003       0.10023655724210202     
   86.800000000000011       0.12392559364935474     
   86.900000000000006       0.14637537412011389     
   87.000000000000000       0.16736140084967191     
   87.100000000000009       0.18667381357073320     
   87.200000000000003       0.20411948815608719     
   87.300000000000011       0.21952396785988029     
   87.400000000000006       0.23273320788507459     
   87.500000000000000       0.24361511583141815     
   87.600000000000009       0.25206087261944754     
   87.700000000000003       0.25798602068128246     
   87.800000000000011       0.26133130853630454     
   87.900000000000006       0.26206328330596357     
   88.000000000000000       0.26017462524256296     
   88.100000000000009       0.25568422092673670     
   88.200000000000003       0.24863697440164309     
   88.300000000000011       0.23910335813253306     
   88.400000000000006       0.22717870828209769     
   88.500000000000000       0.21298227134884135     
   88.600000000000009       0.19665601170209659     
   88.700000000000003       0.17836319193833086     
   88.800000000000011       0.15828674025518183     
   88.900000000000006       0.13662742116948098     
   89.000000000000000       0.11360182787208532     
   89.100000000000009        8.9440216295968808E-002
   89.200000000000003        6.4384202556892603E-002
   89.300000000000011        3.8684346792247470E-002
   89.400000000000006        1.2597647559679861E-002
   89.500000000000000       -1.3615028148484545E-002
   89.600000000000009       -3.9691553575164101E-002
   89.700000000000003       -6.5371163466092022E-002
   89.800000000000011       -9.0397061722359021E-002
   89.900000000000006      -0.11451898936140242     
   90.000000000000000      -0.13749572710683181     
   90.100000000000009      -0.15909750758119287     
   90.200000000000003      -0.17910831297974200     
   90.300000000000011      -0.19732803524849371     
   90.400000000000006      -0.21357447716476050     
   90.500000000000000      -0.22768517430937968     
   90.600000000000009      -0.23951901971090506     
   90.700000000000003      -0.24895767491532139     
   90.800000000000011      -0.25590675337058449     
   90.900000000000006      -0.26029676429214177     
   91.000000000000000      -0.26208380757077759     
   91.100000000000009      -0.26125001277370569     
   91.200000000000003      -0.25780371784889672     
   91.300000000000011      -0.25177938574559877     
   91.400000000000006      -0.24323725978484484     
   91.500000000000000      -0.23226276122624245     
   91.600000000000009      -0.21896563505537764     
   91.700000000000003      -0.20347885253395906     
   91.800000000000011      -0.18595728148720089     
   91.900000000000006      -0.16657613762557072     
   92.000000000000000      -0.14552923238768484     
   92.100000000000009      -0.12302703482592210     
   92.200000000000003       -9.9294566915900134E-002
   92.300000000000011       -7.4569153336719179E-002
   92.400000000000006       -4.9098048224171020E-002
   92.500000000000000       -2.3135962629381154E-002
   92.600000000000009        3.0574825917025206E-003
   92.700000000000003        2.9220352986869171E-002
   92.800000000000011        5.5091019852167133E-002
   92.900000000000006        8.0410776518943419E-002
   93.000000000000000       0.10492642542053027     
   93.100000000000009       0.12839281006791181     
   93.200000000000003       0.15057526661461423     
   93.300000000000011       0.17125197049517052     
   93.400000000000006       0.19021615467077510     
   93.500000000000000       0.20727817729967193     
   93.600000000000009       0.22226741815557205     
   93.700000000000003       0.23503398482991644     
   93.800000000000011       0.24545021165596168     
   93.900000000000006       0.25341193636544729     
   94.000000000000000       0.25883954171127843     
   94.100000000000009       0.26167875163999677     
   94.200000000000003       0.26190117405231517     
   94.300000000000011       0.25950458472411042     
   94.400000000000006       0.25451294954866455     
   94.500000000000000       0.24697618487773204     
   94.600000000000009       0.23696965835802219     
   94.700000000000003       0.22459343525473213     
   94.800000000000011       0.20997127779889474     
   94.900000000000006       0.19324940756506842     
   95.000000000000000       0.17459504325559141     
   95.100000000000009       0.15419472851355848     
   95.200000000000003       0.13225246648638997     
   95.300000000000011       0.10898767979435756     
   95.400000000000006        8.4633016304381567E-002
   95.500000000000000        5.9432022651361757E-002
   95.600000000000009        3.3636708771828339E-002
   95.700000000000003        7.5050278045766354E-003
   95.800000000000011       -1.8701703440720838E-002
   95.900000000000006       -4.4721417651611098E-002
   96.000000000000000       -7.0293917685985252E-002
   96.100000000000009       -9.5163478543499547E-002
   96.200000000000003      -0.11908140461557885     
   96.300000000000011      -0.14180851664150237     
   96.400000000000006      -0.16311754350101088     
   96.500000000000000      -0.18279539492550925     
   96.600000000000009      -0.20064529240075255     
   96.700000000000003      -0.21648873695198831     
   96.800000000000011      -0.23016729413370418     
   96.900000000000006      -0.24154417837408301     
   97.000000000000000      -0.25050562083072103     
   97.100000000000009      -0.25696200707905181     
   97.200000000000003      -0.26084877325659211     
   97.300000000000011      -0.26212705170156647     
   97.400000000000006      -0.26078405962952517     
   97.500000000000000      -0.25683322696118860     
   97.600000000000009      -0.25031406202324014     
   97.700000000000003      -0.24129175646505929     
   97.800000000000011      -0.22985653334222786     
   97.900000000000006      -0.21612274488597413     
   98.000000000000000      -0.20022772898086066     
   98.100000000000009      -0.18233043578593860     
   98.200000000000003      -0.16260983823315717     
   98.300000000000011      -0.14126314229804415     
   98.400000000000006      -0.11850381493995069     
   98.500000000000000       -9.4559449432457712E-002
   98.600000000000009       -6.9669489430640164E-002
   98.700000000000003       -4.4082834534516210E-002
   98.800000000000011       -1.8055351293047098E-002
   98.900000000000006        8.1526854613524873E-003
   99.000000000000000        3.4279195361138548E-002
   99.100000000000009        6.0062913307313226E-002
   99.200000000000003        8.5246002120414763E-002
   99.300000000000011       0.10957663091231215     
   99.400000000000006       0.13281149339508641     
   99.500000000000000       0.15471824094390982     
   99.600000000000009       0.17507780608329412     
   99.700000000000003       0.19368659316184550     
   99.800000000000011       0.21035851430877842     
   99.900000000000006       0.22492685031262355     
   100.00000000000000       0.23724591781334245     
