   1.0000000000000000        0.0000000000000000     
   1.0000000000000000       0.31415927004031718     
  0.91429948822276319       0.60139492985861609     
  0.75974801760921962       0.84334278399242724     
  0.55392564459329596        1.0283784191172414     
  0.31379959470466212        1.1497283207206048     
   5.5377332793995329E-002   1.2040428485420545     
 -0.20616618518629490        1.1904933991821025     
 -0.45617287264946044        1.1103252627386755     
 -0.68014973364576703       0.96680050067435963     
 -0.86348538741379188       0.76550619529831021     
 -0.99135964871148952       0.51504366987505690     
  -1.0490599886725491       0.22812350365340958     
  -1.0230843690583598       -7.6992431424145455E-002
 -0.90361169550049614      -0.37507222585501709     
 -0.68890718831397935      -0.63362307661548889     
 -0.39128421071420122      -0.81590958114365575     
  -4.1539846611359371E-002 -0.88951207168434521     
  0.31401069029508100      -0.83878428129246407     
  0.62642409791069142      -0.67282873876505100     
  0.85925791550960084      -0.42139845897743378     
  0.99534181113498621      -0.12251994823386392     
   1.0340257711252634       0.18834784592822071     
  0.98481276122394357       0.48320520262830280     
  0.86196733841546802       0.74193430591847365     
  0.68129047888216199       0.95088527382641508     
  0.45860472297396093        1.1012039223775250     
  0.20925373232940139        1.1874938777822222     
  -5.1877609759338777E-002   1.2069315239718741     
 -0.31010473281443190        1.1588025740810888     
 -0.55060130473056912        1.0444179172450199     
 -0.75807943431282121       0.86740163844084484     
 -0.91661646565339250       0.63438649344870957     
  -1.0098444074346242       0.35617119564637606     
  -1.0218993638311924        4.9326260401095084E-002
 -0.93977241705101389      -0.26206475956210762     
 -0.75776752730578212      -0.54560383512495270     
 -0.48389990902951030      -0.76300038651579971     
 -0.14527961918829085      -0.87829666363490122     
  0.21366406952148737      -0.87072661222348879     
  0.54334634226910472      -0.74391005555428691     
  0.80443227930450278      -0.52317641517492341     
  0.97566705420386368      -0.24400652091192043     
   1.0522400063140689        5.8837537547198081E-002
   1.0400899037556988       0.35672051675724814     
  0.95072305413837999       0.62812040271380210     
  0.79793474622054061       0.85761922005209013     
  0.59615321790255549        1.0344601882787416     
  0.35980133536400061        1.1513138008022847     
  0.10321568399648420        1.2034221914342549     
 -0.15915115134872049        1.1881260479670157     
 -0.41239920508316458        1.1047546071132814     
 -0.64082536434889170       0.95488909465709404     
 -0.82766424086290435       0.74305468242681350     
 -0.95514009411332967       0.47792574541069421     
  -1.0052399136923178       0.17407997638505304     
 -0.96190430173070263      -0.14594624617667196     
 -0.81548041516877579      -0.45033125923795581     
 -0.56949789955830643      -0.69973719254027877     
 -0.24697558919069848      -0.85509933543967342     
  0.11011742823226375      -0.89076791378242004     
  0.45217964793173560      -0.80484854237393777     
  0.73751849022284710      -0.61796547692379500     
  0.94114521698395459      -0.36261597013915270     
   1.0542365762268833       -7.2383886753083687E-002
   1.0791500275227424       0.22390249207946669     
   1.0245062607781077       0.50368230655315116     
  0.90190406804318424       0.75005143525268214     
  0.72415402134452145       0.95055789575696614     
  0.50451912759567641        1.0960843783800227     
  0.25654018111060045        1.1800324753188403     
  -5.8164690603999935E-003   1.1978460696762170     
 -0.26783912360174345        1.1468764644464970     
 -0.51367988625277705        1.0266166423520848     
 -0.72600761577279793       0.83937923661316893     
 -0.88591343477410001       0.59153383961211137     
 -0.97348600898631610       0.29539076437051420     
 -0.96980234562939072       -2.8442744549934996E-002
 -0.86131580688820153      -0.34920255352927021     
 -0.64694368353057075      -0.62703325771998231     
 -0.34526086822328428      -0.82024035555873376     
   4.7678764767153034E-003 -0.89859145329830525     
  0.35414810686738901      -0.85471845010995517     
  0.65939151671113272      -0.70432347456279398     
  0.89217290397267091      -0.47652880213523630     
   1.0398596711662660      -0.20328325668904229     
   1.1012648282405306        8.6829571125896690E-002
   1.0820432613114708       0.37058535957394723     
  0.99144482381097887       0.62989552353382561     
  0.84046868481120995       0.85084586858873690     
  0.64100071206446996        1.0227056560184462     
  0.40555329524689704        1.1371608567463245     
  0.14736085185042005        1.1878395964903554     
 -0.11931282339818530        1.1701532114779187     
 -0.37875012606076891        1.0814965453187118     
 -0.61334394063118414       0.92190090199059460     
 -0.80334962957602207       0.69528603745685480     
 -0.92724294930193285       0.41145199271963112     
 -0.96347161759361566        8.8717899671617029E-002
 -0.89471664787351834      -0.24368324292327745     
 -0.71521931020812402      -0.54592281490914074     
 -0.43881454316434526      -0.77419349948274763     
 -0.10095615618099382      -0.89404254257242133     
  0.25058279142160123      -0.89273995249257343     
  0.57109952763146665      -0.78091593606958898     
  0.82937066281293259      -0.58397789058252492     
   1.0092090157427789      -0.33181362021734445     
   1.1059726245190216       -5.2335551445449574E-002
   1.1223181188353850       0.23094796989656782     
   1.0650342691366737       0.49908021885001957     
  0.94314758924698161       0.73693926856061409     
  0.76697477998151120       0.93238122371327847     
  0.54778597504392235        1.0755303164005279     
  0.29785070831222965        1.1583113944102241     
   3.0731927120917626E-002   1.1742675160269169     
 -0.23825814957015637        1.1187214012361117     
 -0.49153431629836736       0.98939192413737520     
 -0.70883176668146775       0.78764216993417313     
 -0.86732937263712051       0.52055499825961404     
 -0.94312441278706294       0.20383128093439901     
 -0.91530445131421656      -0.13528606571314522     
 -0.77343579027726828      -0.45754650770828204     
 -0.52637857239426422      -0.71757986189496181     
 -0.20561344620723393      -0.87713171201738915     
  0.14290459281658746      -0.91829169429733537     
  0.47385085714177050      -0.84653707781044130     
  0.75357630777435058      -0.68327620509779086     
  0.96264107138633903      -0.45594648417569050     
   1.0930881853659093      -0.19138020436416431     
   1.1445911089130651        8.7007792213298282E-002
   1.1214069496197874       0.35971833932064495     
   1.0304631013001571       0.61069333109038026     
  0.88034334874893960       0.82659833342538791     
  0.68088403491260008       0.99617595771161471     
  0.44317357559365816        1.1097897621241841     
  0.17983215934983926        1.1592188426380630     
  -9.4503843459591882E-002   1.1377755499348741     
 -0.36257225626574957        1.0408738377464517     
 -0.60391701328107739       0.86725375099704682     
 -0.79476219018978000       0.62111384892847521     
 -0.90917442758963241       0.31524091246388747     
 -0.92288234595727103       -2.5549549678290588E-002
 -0.82084373250179987      -0.36313562528316101     
 -0.60677389558447403      -0.65115985766232476     
 -0.30776884636143015      -0.84803580373916354     
   3.2605556736483264E-002 -0.93092135189819203     
  0.36899839551959845      -0.90012924490912671     
  0.66583478333293622      -0.77284371470998803     
  0.90076614983370451      -0.57370416332120477     
   1.0627081368358562      -0.32807717353976168     
   1.1484127278554273       -5.8914324264038753E-002
   1.1595769427732912       0.21407249507218687     
   1.1009390927607157       0.47417297487400234     
  0.97921711422144220       0.70710320603306231     
  0.80264750936630758       0.90042737654633342     
  0.58094175150307581        1.0431168321116173     
  0.32555055589794291        1.1253220015764229     
   5.0173214653355849E-002   1.1384415896858120     
 -0.22855050724769377        1.0756310437474264     
 -0.49031034394748635       0.93298308346777903     
 -0.71073871150880685       0.71168787048975690     
 -0.86222809909451170       0.42136161268736116     
 -0.91743560312040995        8.3983432346205894E-002
 -0.85684209836365521      -0.26399534617714560     
 -0.67891556982167167      -0.57582350571089835     
 -0.40601227196178480      -0.80709694135741494     
  -7.8771057855540588E-002 -0.93035402126604827     
  0.25802158687406757      -0.94080048098995728     
  0.56738466674531596      -0.85123303054174904     
  0.82444142654568553      -0.68319171578235227     
   1.0152118096699843      -0.46022072141664977     
   1.1336329857338643      -0.20445203503228154     
   1.1788555286086564        6.4518110471064621E-002
   1.1533763099700438       0.32961878770699343     
   1.0619473128929191       0.57587194238628869     
  0.91106736456302373       0.78988608260696580     
  0.70889893099814771       0.95943363093678413     
  0.46551566183594228        1.0732004499743026     
  0.19343225552177379        1.1208019331682639     
  -9.1626590734194421E-002   1.0932199981094157     
 -0.36983625986925195       0.98391880077991867     
 -0.61661628313097316       0.79100162840361798     
 -0.80307329103622804       0.52070147947843770     
 -0.89912968544442251       0.19178683830319168     
 -0.88098499345403658      -0.16148720913539830     
 -0.74182675525392350      -0.49257910819440187     
 -0.49897756849656622      -0.75481935879718887     
 -0.18965174704346116      -0.91649827369258818     
  0.14250625520897051      -0.96783992772202510     
  0.45964146401213724      -0.91715336337747821     
  0.73475991015553399      -0.78262794155634885     
  0.95125746436508840      -0.58566260248841595     
   1.1004057903166706      -0.34723222816477861     
   1.1788639649509765       -8.6495629203646812E-002
   1.1868731492306228       0.17940995441445626     
   1.1271535488267628       0.43507752887337386     
   1.0043589467989229       0.66639836204863079     
  0.82495744762424550       0.86016016947961849     
  0.59746078437390981        1.0037744879684716     
  0.33296954480925628        1.0852354185384363     
   4.6012357786572367E-002   1.0934739109828817     
 -0.24440897785286289        1.0193876472443164     
 -0.51388979624968445       0.85796210165302866     
 -0.73266554276477336       0.61188216059874501     
 -0.86830589191511387       0.29637208588508540     
 -0.89298643862783966       -5.7011033805041682E-002
 -0.79465138550899772      -0.40254045469620209     
 -0.58536102249414557      -0.69186409565546270     
 -0.29845448705745725      -0.88944974778850405     
   2.4122518514448514E-002 -0.98073078048669482     
  0.34417790783607621      -0.96949239044128166     
  0.63303549140574789      -0.87037492801394178     
  0.87177390674723176      -0.70234747865702629     
   1.0491883095631342      -0.48491413948725798     
   1.1595411251190504      -0.23648625760059033     
   1.2008414713845019        2.6024747072175194E-002
   1.1737471087675668       0.28705349530880436     
   1.0809916043895018       0.53202404829391137     
  0.92723256048337455       0.74697091753514067     
  0.71926093602972241       0.91824457817763194     
  0.46655570515963635        1.0324090737082769     
  0.18218487072803496        1.0765029301280535     
 -0.11600158504192669        1.0389623632675007     
 -0.40416744503159019       0.91167283418816436     
 -0.65211212845589084       0.69365716057519067     
 -0.82547470367609577       0.39630787062684159     
 -0.89272308813827617        4.8013483517641752E-002
 -0.83666537177148381      -0.30691269739015148     
 -0.66393927680342846      -0.61904159280633375     
 -0.40361092817845745      -0.84949217737111993     
  -9.5398914209701036E-002 -0.97916055735839036     
  0.22270151816953540       -1.0073356513642779     
  0.52078426145396028      -0.94496564245003634     
  0.77794758451012358      -0.80834714123933427     
  0.98073528442658420      -0.61522820170441739     
   1.1211458418487017      -0.38297925653633658     
   1.1950171724745595      -0.12800075856813650     
   1.2009493657902124       0.13425484077774788     
   1.1397139857050878       0.38900173731798510     
   1.0140732182226628       0.62176609446287745     
  0.82896721364096304       0.81807009789452667     
  0.59207152311925582       0.96326521215698546     
  0.31474997548102945        1.0426898572929832     
   1.3385336040319860E-002   1.0424656067552009     
 -0.28914513665102015       0.95144490080285871     
 -0.56265419978206543       0.76492795908439326     
 -0.77130696278220978       0.49023892638693811     
 -0.88023488588745069       0.15216527407210334     
 -0.86728620453262129      -0.20697705799852925     
 -0.73358641347809228      -0.53730224838619234     
 -0.50358875542434722      -0.79709578837406447     
 -0.21429173652146224      -0.96302847408949821     
   9.7029734793397729E-002  -1.0299831257320371     
  0.39970235377118252       -1.0051290964263757     
  0.67120533199235410      -0.90189295964990224     
  0.89608834907842860      -0.73601397317780837     
   1.0642538907911097      -0.52354934094755035     
   1.1694653163163098      -0.28011504412401494     
   1.2083049557263419       -2.0783109690497258E-002
   1.1795745909216366       0.23971104360401821     
   1.0840887938613777       0.48663927707000193     
  0.92483805297981547       0.70494390854017330     
  0.70754166137146168       0.87900411498343112     
  0.44164100551015495       0.99268151908926172     
  0.14175510724814847        1.0299699067042591     
 -0.17057996680350002       0.97680457680940680     
 -0.46564730651487490       0.82475775308627641     
 -0.70662304103570728       0.57690350143731384     
 -0.85572367434073537       0.25404027823172365     
 -0.88608083355345069      -0.10407454090505629     
 -0.79328997240786780      -0.44772502090162697     
 -0.59691390382781173      -0.73291303348173831     
 -0.33077997491298483      -0.93244975749360659     
  -3.0937023816356407E-002  -1.0369626833839716     
  0.27164062498692371       -1.0498126397215173     
  0.55319300538070848      -0.98140600002933343     
  0.79656050080304919      -0.84525650231671068     
  0.98974963804650451      -0.65586110114349627     
   1.1245797273594604      -0.42779387028118127     
   1.1956895000025280      -0.17548721893085947     
   1.1999372369889891        8.6632542503149612E-002
   1.1361713550246819       0.34384188649788433     
   1.0053668553573434       0.58076319499755058     
  0.81116573735400277       0.78106262520407355     
  0.56089785824761873       0.92737598376427710     
  0.26714588245190690        1.0017937086500095     
  -5.0263180354579384E-002  0.98749765395260991     
 -0.36254060582276437       0.87238267381595624     
 -0.63238017818109182       0.65514934563117999     
 -0.81954979335844802       0.35226948673721203     
 -0.89277172441173114        4.1116121855058751E-004
 -0.84216568177766860      -0.35150419260775073     
 -0.68219231015079185      -0.65777167036038131     
 -0.44310447975488437      -0.88775677301168587     
 -0.15924398113836405       -1.0280401432845649     
  0.13857654685566392       -1.0782009827156664     
  0.42575032222274245       -1.0455242900709834     
  0.68371594524911306      -0.94112050493492427     
  0.89881246742096155      -0.77770831122999051     
   1.0610770368057767      -0.56858263415640353     
   1.1633117418738266      -0.32728969947819692     
   1.2004911829665201       -6.7693916965176265E-002
   1.1695131120535720       0.19574516654307675     
   1.0693055474025011       0.44759708728949749     
  0.90134627861485539       0.67108904534415481     
  0.67069719509304504       0.84790588095041830     
  0.38766062203192142       0.95849363315869618     
   7.0006964037812092E-002  0.98349039773230928     
 -0.25485508229186099       0.90722036965764463     
 -0.54965818784088594       0.72394802826318105     
 -0.77222672801655090       0.44553643063402304     
 -0.88724100902619618       0.10507137255110045     
 -0.87947068739999035      -0.24993443217883540     
 -0.75813088136839246      -0.57266522762833683     
 -0.54954958345878768      -0.82949688872945426     
 -0.28591187429022547       -1.0032257266849705     
   2.5837329875437846E-003  -1.0897315944284980     
  0.29088228633623192       -1.0931267485800205     
  0.55934562299582413       -1.0219817641764273     
  0.79289819283462082      -0.88705123180845002     
  0.97998526993202495      -0.70013764165913706     
   1.1117100587170523      -0.47367118968102412     
   1.1812557546945153      -0.22071181840933660     
   1.1836187701296106        4.4800305751968986E-002
   1.1156837069926282       0.30765162772486371     
  0.97671312228264640       0.55091478711973996     
  0.76938011928023875       0.75561814194012245     
  0.50149565660599560       0.90085312696197462     
  0.18845201383121790       0.96496719285178434     
 -0.14416110693456263       0.92887588625103712     
 -0.45964374553614279       0.78240743188461681     
 -0.71441388525903704       0.53259391780121357     
 -0.86953266765045445       0.20849054470123191     
 -0.90461508196333285      -0.14439432068273211     
 -0.82355736339314289      -0.47874094154035446     
 -0.64846952118794354      -0.75842704702511987     
 -0.40896762033602940      -0.96277674472184394     
 -0.13420043086698549       -1.0841061784950350     
  0.15072764070023142       -1.1233533492648597     
  0.42543879908162885       -1.0864552052595091     
  0.67371574799246181      -0.98205126597124026     
  0.88262715628924493      -0.82026559097193019     
   1.0417434093934848      -0.61220301172091696     
   1.1425794021522124      -0.36989077887413530     
   1.1783125995114785      -0.10650261585407160     
   1.1438229658034607       0.16323268730897708     
   1.0361438897224917       0.42252327156153391     
  0.85547691494146483       0.65205053235193156     
  0.60696741274560340       0.82986774072090275     
  0.30333942911459999       0.93232497308450712     
  -3.2055664743745792E-002  0.93714481530029037     
 -0.36361348588457965       0.82978229409117632     
 -0.64690759880588777       0.61227982460616792     
 -0.83985270087038244       0.30926456067746710     
 -0.91717155223020597       -3.6328528612637939E-002
 -0.87743880142657871      -0.37728528518177051     
 -0.73831420426397099      -0.67550506563664536     
 -0.52647529983938446      -0.90719641874168611     
 -0.26960854623815644       -1.0612979902764386     
   7.5248455723780534E-003  -1.1356211471381008     
  0.28415116689545505       -1.1334191496816244     
  0.54319952752815781       -1.0611023697433604     
  0.77059843527547778      -0.92696059225662253     
  0.95457687102233968      -0.74058789319110119     
   1.0851332181527549      -0.51276881797784191     
   1.1537401286819073      -0.25567615787286013     
