   2.9999999999999999E-002  0.26156645065855716       -7.7645713530756222E-003
   5.9999999999999998E-002  0.26110427294079924       -1.5405923925264452E-002
   8.9999999999999997E-002  0.26041669509089710       -2.2919261663404866E-002
  0.12000000000000000       0.25950769601117440       -3.0299969324090327E-002
  0.14999999999999999       0.25838138763084229       -3.7543612677737224E-002
  0.17999999999999999       0.25704200947167938       -4.4645938638764079E-002
  0.20999999999999999       0.25549392321183118       -5.1602875328274324E-002
  0.23999999999999999       0.25374160724959255       -5.8410532074620519E-002
  0.27000000000000002       0.25178965126890551       -6.5065199356233894E-002
  0.29999999999999999       0.24964275080820142       -7.1563348690136724E-002
  0.32999999999999996       0.24730570183414274       -7.7901632468622542E-002
  0.35999999999999999       0.24478339532177185       -8.4076883745696662E-002
  0.39000000000000001       0.24208081184255120       -9.0086115974021927E-002
  0.41999999999999998       0.23920301616178169       -9.5926522692317079E-002
  0.44999999999999996       0.23615515184690933      -0.10159547716241209     
  0.47999999999999998       0.23294243588827496      -0.10709053195447918     
  0.51000000000000001       0.22957015333392491      -0.11240941847833445     
  0.54000000000000004       0.22604365194018058      -0.11755004645814407     
  0.56999999999999995       0.22236833683975935      -0.12251050334737455     
  0.59999999999999998       0.21854966522934738      -0.12728905368039878     
  0.63000000000000000       0.21459314107864308      -0.13188413835681040     
  0.65999999999999992       0.21050430986301683      -0.13629437385420820     
  0.68999999999999995       0.20628875332206711      -0.14051855136499058     
  0.71999999999999997       0.20195208424649075      -0.14455563585254566     
  0.75000000000000000       0.19749994129582665      -0.14840476502213606     
  0.78000000000000003       0.19293798384977398      -0.15206524820175610     
  0.80999999999999994       0.18827188689592556      -0.15553656512828115     
  0.83999999999999997       0.18350733595689558      -0.15881836463433280     
  0.87000000000000000       0.17865002205995220      -0.16191046323144573     
  0.89999999999999991       0.17370563675239201      -0.16481284358533946     
  0.92999999999999994       0.16867986716601097      -0.16752565287936838     
  0.95999999999999996       0.16357839113413472      -0.17004920106254170     
  0.98999999999999999       0.15840687236476872      -0.17238395897886666     
   1.0200000000000000       0.15317095567351355      -0.17453055637517217     
   1.0500000000000000       0.14787626227996331      -0.17648977978500768     
   1.0800000000000001       0.14252838517136285      -0.17826257028668205     
   1.1099999999999999       0.13713288453734274      -0.17985002113400331     
   1.1399999999999999       0.13169528327957877      -0.18125337525879834     
   1.1699999999999999       0.12622106260023400      -0.18247402264482598     
   1.2000000000000000       0.12071565767303666      -0.18351349757324464     
   1.2300000000000000       0.11518445340082617      -0.18437347574034960     
   1.2600000000000000       0.10963278026336060      -0.18505577124885250     
   1.2900000000000000       0.10406591025912468      -0.18556233347453077     
   1.3199999999999998        9.8489052944805963E-002 -0.18589524381062381     
   1.3499999999999999        9.2907351576019231E-002 -0.18605671229289100     
   1.3799999999999999        8.7325879352756111E-002 -0.18604907410877050     
   1.4099999999999999        8.1749635772918619E-002 -0.18587478599458296     
   1.4399999999999999        7.6183543097162382E-002 -0.18553642252520816     
   1.4700000000000000        7.0632442928128786E-002 -0.18503667230111964     
   1.5000000000000000        6.5101092906985986E-002 -0.18437833403809348     
   1.5300000000000000        5.9594163530026834E-002 -0.18356431256530514     
   1.5600000000000001        5.4116235087889986E-002 -0.18259761473789493     
   1.5899999999999999        4.8671794729777597E-002 -0.18148134527041296     
   1.6199999999999999        4.3265233654842160E-002 -0.18021870249784783     
   1.6499999999999999        3.7900844432706172E-002 -0.17881297407119959     
   1.6799999999999999        3.2582818454862952E-002 -0.17726753259477412     
   1.7100000000000000        2.7315243518486375E-002 -0.17558583121255258     
   1.7400000000000000        2.2102101543952549E-002 -0.17377139915112760     
   1.7700000000000000        1.6947266427148694E-002 -0.17182783722679515     
   1.7999999999999998        1.1854502027415229E-002 -0.16975881332444884     
   1.8299999999999998        6.8274602917369216E-003 -0.16756805785594359     
   1.8599999999999999        1.8696795155696182E-003 -0.16525935920557677     
   1.8899999999999999       -3.0154172595388117E-003 -0.16283655917028100     
   1.9199999999999999       -7.8245237115997894E-003 -0.16030354840203259     
   1.9500000000000000       -1.2554451567395517E-002 -0.15766426185985757     
   1.9800000000000000       -1.7202131795755391E-002 -0.15492267427866246     
   2.0099999999999998       -2.1764615665613427E-002 -0.15208279566193453     
   2.0400000000000000       -2.6239075669767766E-002 -0.14914866680514463     
   2.0699999999999998       -3.0622806315461326E-002 -0.14612435485645195     
   2.1000000000000001       -3.4913224783092882E-002 -0.14301394892105176     
   2.1299999999999999       -3.9107871454549796E-002 -0.13982155571523042     
   2.1600000000000001       -4.3204410312826715E-002 -0.13655129527589729     
   2.1899999999999999       -4.7200629214758358E-002 -0.13320729673105483     
   2.2199999999999998       -5.1094440038848735E-002 -0.12979369413634601     
   2.2500000000000000       -5.4883878710323381E-002 -0.12631462238248814     
   2.2799999999999998       -5.8567105105665318E-002 -0.12277421317806467     
   2.3100000000000001       -6.2142402839019402E-002 -0.11917659111180284     
   2.3399999999999999       -6.5608178932963071E-002 -0.11552586979812217     
   2.3700000000000001       -6.8962963376244843E-002 -0.11182614810939236     
   2.3999999999999999       -7.2205408571184779E-002 -0.10808150649799769     
   2.4299999999999997       -7.5334288673513758E-002 -0.10429600341096597     
   2.4600000000000000       -7.8348498827501389E-002 -0.10047367179958769     
   2.4899999999999998       -8.1247054299285179E-002  -9.6618515726126550E-002
   2.5200000000000000       -8.4029089511367380E-002  -9.2734507069406932E-002
   2.5499999999999998       -8.6693856981290174E-002  -8.8825582330759628E-002
   2.5800000000000001       -8.9240726167535603E-002  -8.4895639541514259E-002
   2.6099999999999999       -9.1669182225724052E-002  -8.0948535272948249E-002
   2.6399999999999997       -9.3978824678204148E-002  -7.6988081749336496E-002
   2.6699999999999999       -9.6169366000139034E-002  -7.3018044064496301E-002
   2.6999999999999997       -9.8240630125198652E-002  -6.9042137501987191E-002
   2.7300000000000000      -0.10019255087396588       -6.5064024958907479E-002
   2.7599999999999998      -0.10202517030815668       -6.1087314473026934E-002
   2.7900000000000000      -0.10373863701374098       -5.7115556852810015E-002
   2.8199999999999998      -0.10533320431603244       -5.3152243409715375E-002
   2.8500000000000001      -0.10680922842979260       -4.9200803792005442E-002
   2.8799999999999999      -0.10816716654736752       -4.5264603919164342E-002
   2.9099999999999997      -0.10940757486784461       -4.1346944015902887E-002
   2.9399999999999999      -0.11053110657018338       -3.7451056744625712E-002
   2.9699999999999998      -0.11153850973323778       -3.3580105435147022E-002
   3.0000000000000000      -0.11243062520554881       -2.9737182410367248E-002
   3.0299999999999998      -0.11320838442774570       -2.5925307406562976E-002
   3.0600000000000001      -0.11387280721035256       -2.2147426086895315E-002
   3.0899999999999999      -0.11442499946975378       -1.8406408646707215E-002
   3.1200000000000001      -0.11486615092502848       -1.4705048509157048E-002
   3.1499999999999999      -0.11519753275832018       -1.1046061109723020E-002
   3.1799999999999997      -0.11542049524136347       -7.4320827681099936E-003
   3.2100000000000000      -0.11553646533074635       -3.8656696460959220E-003
   3.2399999999999998      -0.11554694423444241       -3.4929678986848949E-004
   3.2700000000000000      -0.11545350495210509        3.1146427445773294E-003
   3.2999999999999998      -0.11525778979157357        6.5238386843841098E-003
   3.3300000000000001      -0.11496150786399882        9.8760642524917692E-003
   3.3599999999999999      -0.11456643255995831        1.3169176801350163E-002
   3.3899999999999997      -0.11407439900888877        1.6401118368984589E-002
   3.4199999999999999      -0.11348730152412853        1.9569916158674514E-002
   3.4499999999999997      -0.11280709103582459        2.2673682943464689E-002
   3.4800000000000000      -0.11203577251392401        2.5710617396686168E-002
   3.5099999999999998      -0.11117540238343530        2.8679004349623498E-002
   3.5400000000000000      -0.11022808593411258        3.1577214977423905E-002
   3.5699999999999998      -0.10919597472668341        3.4403706914305630E-002
   3.5999999999999996      -0.10808126399771083        3.7157024299086072E-002
   3.6299999999999999      -0.10688619006515032        3.9835797752016663E-002
   3.6599999999999997      -0.10561302773663389        4.2438744283881044E-002
   3.6899999999999999      -0.10426408772248530        4.4964667138286271E-002
   3.7199999999999998      -0.10284171405544368        4.7412455568054158E-002
   3.7500000000000000      -0.10134828151904564        4.9781084546601538E-002
   3.7799999999999998       -9.9786193086590105E-002   5.2069614415184380E-002
   3.8100000000000001       -9.8157877372583940E-002   5.4277190466871975E-002
   3.8399999999999999       -9.6465786098540549E-002   5.6403042468113139E-002
   3.8699999999999997       -9.4712391574977822E-002   5.8446484118757525E-002
   3.8999999999999999       -9.2900184201435795E-002   6.0406912451400827E-002
   3.9299999999999997       -9.1031669986307781E-002   6.2283807170933909E-002
   3.9600000000000000       -8.9109368088252039E-002   6.4076729935191201E-002
   3.9899999999999998       -8.7135808380923607E-002   6.5785323577614449E-002
   4.0199999999999996       -8.5113529042737418E-002   6.7409311272872835E-002
   4.0499999999999998       -8.3045074173345126E-002   6.8948495646409633E-002
   4.0800000000000001       -8.0932991438477556E-002   7.0402757828919124E-002
   4.1099999999999994       -7.8779829744773724E-002   7.1772056456794284E-002
   4.1399999999999997       -7.6588136946184923E-002   7.3056426619626622E-002
   4.1699999999999999       -7.4360457583508441E-002   7.4255978755882593E-002
   4.2000000000000002       -7.2099330658570604E-002   7.5370897497927802E-002
   4.2299999999999995       -6.9807287444542052E-002   7.6401440467618292E-002
   4.2599999999999998       -6.7486849333830187E-002   7.7347937023728747E-002
   4.2900000000000000       -6.5140525724954004E-002   7.8210786962539511E-002
   4.3200000000000003       -6.2770811949765304E-002   7.8990459172956759E-002
   4.3499999999999996       -6.0380187242337485E-002   7.9687490247593959E-002
   4.3799999999999999       -5.7971112750798595E-002   8.0302483051296378E-002
   4.4100000000000001       -5.5546029593339291E-002   8.0836105248643486E-002
   4.4399999999999995       -5.3107356959578779E-002   8.1289087792017128E-002
   4.4699999999999998       -5.0657490258422540E-002   8.1662223371874718E-002
   4.5000000000000000       -4.8198799313495036E-002   8.1956364830916784E-002
   4.5300000000000002       -4.5733626607178439E-002   8.2172423543886583E-002
   4.5599999999999996       -4.3264285574234874E-002   8.2311367764785398E-002
   4.5899999999999999       -4.0793058945934955E-002   8.2374220943330564E-002
   4.6200000000000001       -3.8322197145559241E-002   8.2362060012523830E-002
   4.6499999999999995       -3.5853916736082181E-002   8.2276013649235286E-002
   4.6799999999999997       -3.3390398920789932E-002   8.2117260509741552E-002
   4.7100000000000000       -3.0933788097524298E-002   8.1887027442187801E-002
   4.7400000000000002       -2.8486190467185223E-002   8.1586587677969197E-002
   4.7699999999999996       -2.6049672697063729E-002   8.1217259004049844E-002
   4.7999999999999998       -2.3626260639516058E-002   8.0780401918255751E-002
   4.8300000000000001       -2.1217938106428306E-002   8.0277417769591686E-002
   4.8599999999999994       -1.8826645699859049E-002   7.9709746885641863E-002
   4.8899999999999997       -1.6454279699185476E-002   7.9078866689119134E-002
   4.9199999999999999       -1.4102691005016640E-002   7.8386289805627826E-002
   4.9500000000000002       -1.1773684140075584E-002   7.7633562164701866E-002
   4.9799999999999995       -9.4690163071904556E-003   7.6822261096170977E-002
   5.0099999999999998       -7.1903965044735852E-003   7.5953993423895680E-002
   5.0400000000000000       -4.9394846977067666E-003   7.5030393558893974E-002
   5.0699999999999994       -2.7178910498909009E-003   7.4053121593862195E-002
   5.0999999999999996       -5.2717520785890148E-004   7.3023861401066648E-002
   5.1299999999999999        1.6311543542077141E-003   7.1944318735553861E-002
   5.1600000000000001        3.7556409345755369E-003   7.0816219345594095E-002
   5.1899999999999995        5.8448801473426253E-003   6.9641307092236288E-002
   5.2199999999999998        7.8975204097370133E-003   6.8421342079812958E-002
   5.2500000000000000        9.9122633737127267E-003   6.7158098799190435E-002
   5.2799999999999994        1.1887864302278135E-002   6.5853364285513610E-002
   5.3099999999999996        1.3823132391042528E-002   6.4508936292146449E-002
   5.3399999999999999        1.5716931035516257E-002   6.3126621482457609E-002
   5.3700000000000001        1.7568178044747695E-002   6.1708233641047994E-002
   5.3999999999999995        1.9375845801926528E-002   6.0255591905961109E-002
   5.4299999999999997        2.1138961372627350E-002   5.8770519023360779E-002
   5.4600000000000000        2.2856606561410409E-002   5.7254839626101929E-002
   5.4900000000000002        2.4527917917537230E-002   5.5710378537560661E-002
   5.5199999999999996        2.6152086690598108E-002   5.4138959102029219E-002
   5.5499999999999998        2.7728358736885710E-002   5.2542401542920121E-002
   5.5800000000000001        2.9256034377384565E-002   5.0922521349961822E-002
   5.6099999999999994        3.0734468208279752E-002   4.9281127696506194E-002
   5.6399999999999997        3.2163068864919923E-002   4.7620021888005827E-002
   5.6699999999999999        3.3541298740199635E-002   4.5940995842657165E-002
   5.7000000000000002        3.4868673658353944E-002   4.4245830605143650E-002
   5.7299999999999995        3.6144762505184502E-002   4.2536294894351893E-002
   5.7599999999999998        3.7369186815760701E-002   4.0814143685873237E-002
   5.7900000000000000        3.8541620320662003E-002   3.9081116830043360E-002
   5.8199999999999994        3.9661788451848416E-002   3.7338937706213840E-002
   5.8499999999999996        4.0729467809265174E-002   3.5589311913891870E-002
   5.8799999999999999        4.1744485589305012E-002   3.3833926001327869E-002
   5.9100000000000001        4.2706718976267280E-002   3.2074446232075622E-002
   5.9399999999999995        4.3616094497967155E-002   3.0312517389995807E-002
   5.9699999999999998        4.4472587346660798E-002   2.8549761623121495E-002
   6.0000000000000000        4.5276220666463404E-002   2.6787777326753529E-002
   6.0299999999999994        4.6027064808446538E-002   2.5028138066104450E-002
   6.0599999999999996        4.6725236554609403E-002   2.3272391538762240E-002
   6.0899999999999999        4.7370898311925376E-002   2.1522058577199094E-002
   6.1200000000000001        4.7964257277670563E-002   1.9778632191506357E-002
   6.1499999999999995        4.8505564577245384E-002   1.8043576652494068E-002
   6.1799999999999997        4.8995114375702961E-002   1.6318326615252645E-002
   6.2100000000000000        4.9433242964200014E-002   1.4604286283234971E-002
   6.2400000000000002        4.9820327822586392E-002   1.2902828612879341E-002
   6.2699999999999996        5.0156786659349119E-002   1.1215294558757645E-002
   6.2999999999999998        5.0443076430125071E-002   9.5429923591984957E-003
   6.3300000000000001        5.0679692335994127E-002   7.8871968623018714E-003
   6.3599999999999994        5.0867166802761030E-002   6.2491488922300697E-003
   6.3899999999999997        5.1006068442429914E-002   4.6300546556294420E-003
   6.4199999999999999        5.1097000998070165E-002   3.0310851880082606E-003
   6.4500000000000002        5.1140602273266215E-002   1.4533758398682531E-003
   6.4799999999999995        5.1137543047337038E-002  -1.0197419763932793E-004
   6.5099999999999998        5.1088525977503400E-002  -1.6339023277878015E-003
   6.5400000000000000        5.0994284489172641E-002  -3.1413829443585456E-003
   6.5699999999999994        5.0855581655501539E-002  -4.6234277890366653E-003
   6.5999999999999996        5.0673209067388210E-002  -6.0790862704442885E-003
   6.6299999999999999        5.0447985695033448E-002  -7.5074457451587678E-003
   6.6600000000000001        5.0180756742200926E-002  -8.9076317610841237E-003
   6.6899999999999995        4.9872392494293996E-002  -1.0278808263564419E-002
   6.7199999999999998        4.9523787161354575E-002  -1.1620177764647443E-002
   6.7500000000000000        4.9135857717076792E-002  -1.2930981475926227E-002
   6.7799999999999994        4.8709542734914658E-002  -1.4210499405404420E-002
   6.8099999999999996        4.8245801222349165E-002  -1.5458050418849702E-002
   6.8399999999999999        4.7745611454365657E-002  -1.6672992266116977E-002
   6.8700000000000001        4.7209969807177447E-002  -1.7854721572940321E-002
   6.8999999999999995        4.6639889593216161E-002  -1.9002673798709499E-002
   6.9299999999999997        4.6036399898393261E-002  -2.0116323160763380E-002
   6.9600000000000000        4.5400544422620800E-002  -2.1195182525748677E-002
   6.9899999999999993        4.4733380324562547E-002  -2.2238803268608380E-002
   7.0199999999999996        4.4035977071569150E-002  -2.3246775099779814E-002
   7.0499999999999998        4.3309415295733227E-002  -2.4218725861197506E-002
   7.0800000000000001        4.2554785656981890E-002  -2.5154321291711166E-002
   7.1099999999999994        4.1773187714105577E-002  -2.6053264762543778E-002
   7.1399999999999997        4.0965728804602697E-002  -2.6915296983429361E-002
   7.1699999999999999        4.0133522934200173E-002  -2.7740195680084116E-002
   7.1999999999999993        3.9277689676889813E-002  -2.8527775243678648E-002
   7.2299999999999995        3.8399353086300034E-002  -2.9277886352992590E-002
   7.2599999999999998        3.7499640619201649E-002  -2.9990415569946208E-002
   7.2900000000000000        3.6579682071925149E-002  -3.0665284909216599E-002
   7.3199999999999994        3.5640608530445386E-002  -3.1302451382658671E-002
   7.3499999999999996        3.4683551334867488E-002  -3.1901906519263293E-002
   7.3799999999999999        3.3709641059025582E-002  -3.2463675861396819E-002
   7.4100000000000001        3.2720006505883255E-002  -3.2987818438077583E-002
   7.4399999999999995        3.1715773719401583E-002  -3.3474426216055730E-002
   7.4699999999999998        3.0698065013517385E-002  -3.3923623529473257E-002
   7.5000000000000000        2.9667998018850662E-002  -3.4335566488890835E-002
   7.5299999999999994        2.8626684747736338E-002  -3.4710442370477407E-002
   7.5599999999999996        2.7575230678151329E-002  -3.5048468986166946E-002
   7.5899999999999999        2.6514733857083476E-002  -3.5349894035595152E-002
   7.6200000000000001        2.5446284023864400E-002  -3.5614994440635837E-002
   7.6499999999999995        2.4370961753963489E-002  -3.5844075663363735E-002
   7.6799999999999997        2.3289837623715205E-002  -3.6037471008276138E-002
   7.7100000000000000        2.2203971396426870E-002  -3.6195540909611183E-002
   7.7399999999999993        2.1114411230288725E-002  -3.6318672204604864E-002
   7.7699999999999996        2.0022192908482752E-002  -3.6407277393532479E-002
   7.7999999999999998        1.8928339091861257E-002  -3.6461793887383152E-002
   7.8300000000000001        1.7833858594540723E-002  -3.6482683244017773E-002
   7.8599999999999994        1.6739745682730862E-002  -3.6470430393662080E-002
   7.8899999999999997        1.5646979397093266E-002  -3.6425542854586553E-002
   7.9199999999999999        1.4556522898898533E-002  -3.6348549939824462E-002
   7.9499999999999993        1.3469322840225206E-002  -3.6240001955777569E-002
   7.9799999999999995        1.2386308758418504E-002  -3.6100469393556753E-002
   8.0099999999999998        1.1308392495001460E-002  -3.5930542113901467E-002
   8.0399999999999991        1.0236467639205929E-002  -3.5730828526517711E-002
   8.0700000000000003        9.1714089962658552E-003  -3.5501954764669108E-002
   8.0999999999999996        8.1140720805903642E-003  -3.5244563855849717E-002
   8.1299999999999990        7.0652926339095532E-003  -3.4959314889360368E-002
   8.1600000000000001        6.0258861684614768E-003  -3.4646882181602542E-002
   8.1899999999999995        4.9966475352646146E-003  -3.4307954439895406E-002
   8.2199999999999989        3.9783505174962536E-003  -3.3943233925612028E-002
   8.2500000000000000        2.9717474489736303E-003  -3.3553435617420788E-002
   8.2799999999999994        1.9775688577114191E-003  -3.3139286375407029E-002
   8.3100000000000005        9.9652313450627594E-004  -3.2701524106838110E-002
   8.3399999999999999        2.9296226476595126E-005  -3.2240896934322694E-002
   8.3699999999999992       -9.2344864453646576E-004  -3.1758162367102029E-002
   8.4000000000000004       -1.8610712388223696E-003  -3.1254086476196791E-002
   8.4299999999999997       -2.7829545310459414E-003  -3.0729443074119064E-002
   8.4599999999999991       -3.6885049180412459E-003  -3.0185012899843489E-002
   8.4900000000000002       -4.5771524023327332E-003  -2.9621582809716239E-002
   8.5199999999999996       -5.4483507515816574E-003  -2.9039944974964142E-002
   8.5499999999999989       -6.3015776341751447E-003  -2.8440896086449573E-002
   8.5800000000000001       -7.1363347311941315E-003  -2.7825236567299568E-002
   8.6099999999999994       -7.9521478250147298E-003  -2.7193769794019971E-002
   8.6400000000000006       -8.7485668648153523E-003  -2.6547301326687426E-002
   8.6699999999999999       -9.5251660092791606E-003  -2.5886638148793620E-002
   8.6999999999999993       -1.0281543646798088E-002  -2.5212587917297552E-002
   8.7300000000000004       -1.1017322393500763E-002  -2.4525958223422500E-002
   8.7599999999999998       -1.1732149069442220E-002  -2.3827555864715237E-002
   8.7899999999999991       -1.2425694653308186E-002  -2.3118186128865521E-002
   8.8200000000000003       -1.3097654216001115E-002  -2.2398652089764274E-002
   8.8499999999999996       -1.3747746833488887E-002  -2.1669753916259096E-002
   8.8799999999999990       -1.4375715479310262E-002  -2.0932288194045853E-002
   8.9100000000000001       -1.4981326897143715E-002  -2.0187047261115105E-002
   8.9399999999999995       -1.5564371453858278E-002  -1.9434818557152102E-002
   8.9699999999999989       -1.6124662973476350E-002  -1.8676383987269094E-002
   9.0000000000000000       -1.6662038552489208E-002  -1.7912519300428562E-002
   9.0299999999999994       -1.7176358356976090E-002  -1.7143993482896098E-002
   9.0600000000000005       -1.7667505401987339E-002  -1.6371568167041595E-002
   9.0899999999999999       -1.8135385313660969E-002  -1.5595997055787691E-002
   9.1199999999999992       -1.8579926074550505E-002  -1.4818025362984535E-002
   9.1500000000000004       -1.9001077752649618E-002  -1.4038389269970459E-002
   9.1799999999999997       -1.9398812214606376E-002  -1.3257815398558581E-002
   9.2099999999999991       -1.9773122823626480E-002  -1.2477020300670128E-002
   9.2400000000000002       -2.0124024122570965E-002  -1.1696709964816173E-002
   9.2699999999999996       -2.0451551502759280E-002  -1.0917579339610564E-002
   9.2999999999999989       -2.0755760858993624E-002  -1.0140311874478154E-002
   9.3300000000000001       -2.1036728231324745E-002  -9.3655790777040209E-003
   9.3599999999999994       -2.1294549434083279E-002  -8.5940400919511644E-003
   9.3899999999999988       -2.1529339672703967E-002  -7.8263412873562262E-003
   9.4199999999999999       -2.1741233148872819E-002  -7.0631158722951103E-003
   9.4499999999999993       -2.1930382654529609E-002  -6.3049835218930341E-003
   9.4800000000000004       -2.2096959155259700E-002  -5.5525500243363687E-003
   9.5099999999999998       -2.2241151363610507E-002  -4.8064069450268771E-003
   9.5399999999999991       -2.2363165302868578E-002  -4.0671313086024204E-003
   9.5700000000000003       -2.2463223861833539E-002  -3.3352852988319925E-003
   9.5999999999999996       -2.2541566341124850E-002  -2.6114159763770566E-003
   9.6299999999999990       -2.2598447991556716E-002  -1.8960550143955627E-003
   9.6600000000000001       -2.2634139545115207E-002  -1.1897184519497628E-003
   9.6899999999999995       -2.2648926739070128E-002  -4.9290646516398100E-004
   9.7199999999999989       -2.2643109833752045E-002   1.9389684393612524E-004
   9.7500000000000000       -2.2617003124522476E-002   8.7022364098558811E-004
   9.7799999999999994       -2.2570934448462272E-002   1.5356225353401920E-003
   9.8100000000000005       -2.2505244686299924E-002   2.1896587387449837E-003
   9.8399999999999999       -2.2420287260097874E-002   2.8319142067349751E-003
   9.8699999999999992       -2.2316427627210731E-002   3.4619877629047746E-003
   9.9000000000000004       -2.2194042771024835E-002   4.0794952061965631E-003
   9.9299999999999997       -2.2053520688983790E-002   4.6840694013681773E-003
   9.9599999999999991       -2.1895259878399340E-002   5.2753603528150686E-003
   9.9900000000000002       -2.1719668820541393E-002   5.8530352619316026E-003
   10.020000000000000       -2.1527165463495139E-002   6.4167785682085181E-003
   10.049999999999999       -2.1318176704266906E-002   6.9662919742743837E-003
   10.080000000000000       -2.1093137870613919E-002   7.5012944550995929E-003
   10.109999999999999       -2.0852492203066165E-002   8.0215222515918026E-003
   10.139999999999999       -2.0596690337601514E-002   8.5267288488217480E-003
   10.170000000000000       -2.0326189789427671E-002   9.0166849391280727E-003
   10.199999999999999       -2.0041454438316897E-002   9.4911783703591716E-003
   10.230000000000000       -1.9742954015931326E-002   9.9500140795190824E-003
   10.260000000000000       -1.9431163595568530E-002   1.0393014012093157E-002
   10.289999999999999       -1.9106563084748403E-002   1.0820017027337607E-002
   10.320000000000000       -1.8769636721053650E-002   1.1230878789825044E-002
   10.350000000000000       -1.8420872571627278E-002   1.1625471647545784E-002
   10.379999999999999       -1.8060762036721113E-002   1.2003684496872119E-002
   10.410000000000000       -1.7689799357680124E-002   1.2365422634699618E-002
   10.440000000000000       -1.7308481129737534E-002   1.2710607598086359E-002
   10.469999999999999       -1.6917305819986021E-002   1.3039176991717118E-002
   10.500000000000000       -1.6516773290880249E-002   1.3351084303525678E-002
   10.529999999999999       -1.6107384329615830E-002   1.3646298708813917E-002
   10.559999999999999       -1.5689640183719478E-002   1.3924804863211689E-002
   10.590000000000000       -1.5264042103174688E-002   1.4186602684826379E-002
   10.619999999999999       -1.4831090889396619E-002   1.4431707125935630E-002
   10.650000000000000       -1.4391286451359191E-002   1.4660147934580915E-002
   10.680000000000000       -1.3945127369166485E-002   1.4871969406423526E-002
   10.709999999999999       -1.3493110465349643E-002   1.5067230127228057E-002
   10.740000000000000       -1.3035730384159396E-002   1.5246002706341596E-002
   10.770000000000000       -1.2573479179113205E-002   1.5408373501539657E-002
   10.799999999999999       -1.2106845909044834E-002   1.5554442335612364E-002
   10.830000000000000       -1.1636316242892842E-002   1.5684322205066398E-002
   10.859999999999999       -1.1162372073453239E-002   1.5798138981320094E-002
   10.889999999999999       -1.0685491140310128E-002   1.5896031104770319E-002
   10.920000000000000       -1.0206146662146800E-002   1.5978149272110914E-002
   10.949999999999999       -9.7248069786283076E-003   1.6044656117283077E-002
   10.980000000000000       -9.2419352020351540E-003   1.6095725886438480E-002
   11.010000000000000       -8.7579888788162797E-003   1.6131544107295830E-002
   11.039999999999999       -8.2734196612181416E-003   1.6152307253271280E-002
   11.070000000000000       -7.7886729891352702E-003   1.6158222402762372E-002
   11.100000000000000       -7.3041877823163447E-003   1.6149506893964188E-002
   11.129999999999999       -6.8203961430484952E-003   1.6126387975594989E-002
   11.160000000000000       -6.3377230694312862E-003   1.6089102453906969E-002
   11.190000000000000       -5.8565861793406157E-003   1.6037896336355682E-002
   11.219999999999999       -5.3773954451716332E-003   1.5973024472299424E-002
   11.250000000000000       -4.9005529394387203E-003   1.5894750191097110E-002
   11.279999999999999       -4.4264525912996091E-003   1.5803344937970358E-002
   11.309999999999999       -3.9554799540598463E-003   1.5699087907992106E-002
   11.340000000000000       -3.4880119837030288E-003   1.5582265678560589E-002
   11.369999999999999       -3.0244168284816191E-003   1.5453171840713662E-002
   11.400000000000000       -2.5650536295925902E-003   1.5312106629634297E-002
   11.430000000000000       -2.1102723329517780E-003   1.5159376554693736E-002
   11.459999999999999       -1.6604135120705564E-003   1.4995294029374051E-002
   11.490000000000000       -1.2158082020283468E-003   1.4820177001406984E-002
   11.520000000000000       -7.7677774452452415E-004   1.4634348583460756E-002
   11.549999999999999       -3.4363364398349103E-004   1.4438136684701106E-002
   11.580000000000000        8.3322565322925123E-005   1.4231873643547206E-002
   11.609999999999999        5.0379944118104122E-004   1.4015895861937203E-002
   11.639999999999999        9.1751574442340339E-004   1.3790543441412071E-002
   11.670000000000000        1.3242005390630084E-003   1.3556159821320172E-002
   11.699999999999999        1.7235932816461619E-003   1.3313091419438454E-002
   11.730000000000000        2.1154438999051476E-003   1.3061687275299516E-002
   11.760000000000000        2.4995128608003578E-003   1.2802298696507005E-002
   11.789999999999999        2.8755712280497990E-003   1.2535278908314705E-002
   11.820000000000000        3.2434007092519280E-003   1.2260982706737639E-002
   11.850000000000000        3.6027936927156110E-003   1.1979766115456097E-002
   11.879999999999999        3.9535532741185953E-003   1.1691986046766151E-002
   11.910000000000000        4.2954932731232732E-003   1.1397999966822583E-002
   11.940000000000000        4.6284382400856496E-003   1.1098165565412548E-002
   11.969999999999999        4.9522234530003642E-003   1.0792840430490475E-002
   12.000000000000000        5.2666949048312687E-003   1.0482381727696806E-002
   12.029999999999999        5.5717092813835278E-003   1.0167145885075300E-002
   12.059999999999999        5.8671339298793923E-003   9.8474882831954859E-003
   12.090000000000000        6.1528468184057572E-003   9.5237629508788339E-003
   12.119999999999999        6.4287364864073276E-003   9.1963222667190044E-003
   12.150000000000000        6.6947019864046784E-003   8.8655166665783467E-003
   12.180000000000000        6.9506528171217156E-003   8.5316943572345729E-003
   12.209999999999999        7.1965088482120135E-003   8.1952010363432557E-003
   12.240000000000000        7.4322002367782193E-003   7.8563796188735185E-003
   12.270000000000000        7.6576673358831971E-003   7.5155699701659326E-003
   12.299999999999999        7.8728605952558001E-003   7.1731086457534126E-003
   12.330000000000000        8.0777404543981250E-003   6.8293286380775031E-003
   12.359999999999999        8.2722772283048522E-003   6.4845591302242142E-003
   12.389999999999999        8.4564509860087112E-003   6.1391252567952730E-003
   12.420000000000000        8.6302514221693830E-003   5.7933478720224195E-003
   12.449999999999999        8.7936777219261072E-003   5.4475433252241532E-003
   12.480000000000000        8.9467384192369933E-003   5.1020232436961785E-003
   12.510000000000000        9.0894512489305534E-003   4.7570943231186862E-003
   12.539999999999999        9.2218429926972188E-003   4.4130581255555313E-003
   12.570000000000000        9.3439493192505902E-003   4.0702108851123665E-003
   12.600000000000000        9.4558146188899773E-003   3.7288433213128803E-003
   12.629999999999999        9.5574918326973100E-003   3.3892404602444077E-003
   12.660000000000000        9.6490422766028015E-003   3.0516814635164107E-003
   12.690000000000000        9.7305354605548306E-003   2.7164394650676439E-003
   12.719999999999999        9.8020489030303370E-003   2.3837814158502069E-003
   12.750000000000000        9.8636679411226724E-003   2.0539679364111889E-003
   12.779999999999999        9.9154855364442292E-003   1.7272531773852057E-003
   12.809999999999999        9.9576020770813442E-003   1.4038846879038300E-003
   12.840000000000000        9.9901251758389657E-003   1.0841032919207299E-003
   12.869999999999999        1.0013169465012293E-002   7.6814297244425899E-004
   12.900000000000000        1.0026856387922162E-002   4.5623076366228549E-004
   12.930000000000000        1.0031313987450278E-002   1.4858665093721749E-004
   12.959999999999999        1.0026676691809552E-002  -1.5457652135752333E-004
   12.990000000000000        1.0013085097783704E-002  -4.5305313419490272E-004
   13.020000000000000        9.9906857516690855E-003  -7.4664487048731339E-004
   13.049999999999999        9.9596309281501857E-003  -1.0351607839633233E-003
   13.080000000000000        9.9200784073387154E-003  -1.3184173603823658E-003
   13.109999999999999        9.8721912502042868E-003  -1.5962385711476310E-003
   13.139999999999999        9.8161375726227885E-003  -1.8684559193832898E-003
   13.170000000000000        9.7520903182663505E-003  -2.1349084785479183E-003
   13.199999999999999        9.6802270305565031E-003  -2.3954429236615637E-003
   13.229999999999999        9.6007296238996235E-003  -2.6499135552293190E-003
   13.260000000000000        9.5137841544211364E-003  -2.8981823159495513E-003
   13.289999999999999        9.4195805904121344E-003  -3.1401188003000401E-003
   13.320000000000000        9.3183125826991273E-003  -3.3756002571002316E-003
   13.350000000000000        9.2101772351445479E-003  -3.6045115851526246E-003
   13.379999999999999        9.0953748754824208E-003  -3.8267453220709236E-003
   13.410000000000000        8.9741088266902091E-003  -4.0422016264070725E-003
   13.440000000000000        8.8465851790944013E-003  -4.2507882531935886E-003
   13.469999999999999        8.7130125634037481E-003  -4.4524205230217495E-003
   13.500000000000000        8.5736019248603430E-003  -4.6470212847801676E-003
   13.529999999999999        8.4285662986948798E-003  -4.8345208721820784E-003
   13.559999999999999        8.2781205870684806E-003  -5.0148570542133198E-003
   13.590000000000000        8.1224813376793870E-003  -5.1879749796364377E-003
   13.619999999999999        7.9618665242086988E-003  -5.3538271156896387E-003
   13.650000000000000        7.7964953287750251E-003  -5.5123731811224687E-003
   13.680000000000000        7.6265879265636346E-003  -5.6635800737130102E-003
   13.709999999999999        7.4523652727912079E-003  -5.8074217924142125E-003
   13.740000000000000        7.2740488921628210E-003  -5.9438793542795536E-003
   13.770000000000000        7.0918606709731999E-003  -6.0729407063206979E-003
   13.799999999999999        6.9060226519996378E-003  -6.1946006324520696E-003
   13.830000000000000        6.7167568323292567E-003  -6.3088606556793731E-003
   13.859999999999999        6.5242849642585263E-003  -6.4157289356910219E-003
   13.889999999999999        6.3288283593981301E-003  -6.5152201620131984E-003
   13.920000000000000        6.1306076961114044E-003  -6.6073554428908625E-003
   13.949999999999999        5.9298428304096510E-003  -6.6921621900584575E-003
   13.979999999999999        5.7267526104226914E-003  -6.7696739995653180E-003
   14.010000000000000        5.5215546945580349E-003  -6.8399305288218866E-003
   14.039999999999999        5.3144653734570222E-003  -6.9029773700337591E-003
   14.070000000000000        5.1056993958512806E-003  -6.9588659201913882E-003
   14.100000000000000        4.8954697984177663E-003  -7.0076532477838186E-003
   14.129999999999999        4.6839877397256060E-003  -7.0494019564053415E-003
   14.160000000000000        4.4714623383628801E-003  -7.0841800454242007E-003
   14.190000000000000        4.2581005153264012E-003  -7.1120607678826298E-003
   14.219999999999999        4.0441068407524768E-003  -7.1331224857974877E-003
   14.250000000000000        3.8296833850615594E-003  -7.1474485230305744E-003
   14.279999999999999        3.6150295745846378E-003  -7.1551270158973935E-003
   14.309999999999999        3.4003420517341580E-003  -7.1562507616826617E-003
   14.340000000000000        3.1858145397772506E-003  -7.1509170652302428E-003
   14.369999999999999        2.9716377122640178E-003  -7.1392275837744313E-003
   14.399999999999999        2.7579990671586594E-003  -7.1212881701786168E-003
   14.430000000000000        2.5450828057162695E-003  -7.0972087147463262E-003
   14.459999999999999        2.3330697161432156E-003  -7.0671029857684578E-003
   14.490000000000000        2.1221370620741380E-003  -7.0310884689692519E-003
   14.520000000000000        1.9124584758937753E-003  -6.9892862060120910E-003
   14.549999999999999        1.7042038569270352E-003  -6.9418206322246698E-003
   14.580000000000000        1.4975392745159924E-003  -6.8888194137014256E-003
   14.609999999999999        1.2926268759978134E-003  -6.8304132839392987E-003
   14.639999999999999        1.0896247995929836E-003  -6.7667358801609956E-003
   14.670000000000000        8.8868709220864630E-004  -6.6979235794779098E-003
   14.699999999999999        6.8996363215736436E-004  -6.6241153350427321E-003
   14.729999999999999        4.9360005678717855E-004  -6.5454525123395269E-003
   14.760000000000000        2.9973769501447626E-004  -6.4620787257567433E-003
   14.789999999999999        1.0851350474689085E-004  -6.3741396755861808E-003
   14.820000000000000       -7.9939984820761353E-005  -6.2817829855884065E-003
   14.850000000000000       -2.6549472605863673E-004  -6.1851580412625121E-003
   14.879999999999999       -4.4802720092729828E-004  -6.0844158289553854E-003
   14.910000000000000       -6.2741846420558513E-004  -5.9797087759428953E-003
   14.940000000000000       -8.0355418195396052E-004  -5.8711905916125125E-003
   14.969999999999999       -9.7632466525017980E-004  -5.7590161098739776E-003
   15.000000000000000       -1.1456248992378270E-003  -5.6433411329215736E-003
   15.029999999999999       -1.3113545675318829E-003  -5.5243222764685285E-003
   15.059999999999999       -1.4734180720290099E-003  -5.4021168165709031E-003
   15.090000000000000       -1.6317245481736638E-003  -5.2768825381551325E-003
   15.119999999999999       -1.7861878757344676E-003  -5.1487775853601295E-003
   15.149999999999999       -1.9367266851485145E-003  -5.0179603138015578E-003
   15.180000000000000       -2.0832643594943900E-003  -4.8845891448625126E-003
   15.209999999999999       -2.2257290321577340E-003  -4.7488224221114705E-003
   15.240000000000000       -2.3640535802560815E-003  -4.6108182699449111E-003
   15.270000000000000       -2.4981756138925380E-003  -4.4707344545485512E-003
   15.299999999999999       -2.6280374613105663E-003  -4.3287282472676105E-003
   15.330000000000000       -2.7535861500247566E-003  -4.1849562904730147E-003
   15.359999999999999       -2.8747733840049621E-003  -4.0395744660068466E-003
   15.389999999999999       -2.9915555169935664E-003  -3.8927377662868112E-003
   15.420000000000000       -3.1038935220379415E-003  -3.7446001681458426E-003
   15.449999999999999       -3.2117529573223234E-003  -3.5953145094794010E-003
   15.479999999999999       -3.3151039283854039E-003  -3.4450323687693473E-003
   15.510000000000000       -3.4139210468118945E-003  -3.2939039475496814E-003
   15.539999999999999       -3.5081833854881677E-003  -3.1420779558757701E-003
   15.570000000000000       -3.5978744305138199E-003  -2.9897015008550714E-003
   15.600000000000000       -3.6829820298626315E-003  -2.8369199782937132E-003
   15.629999999999999       -3.7634983388879213E-003  -2.6838769675096678E-003
   15.660000000000000       -3.8394197627687103E-003  -2.5307141293596388E-003
   15.690000000000000       -3.9107468959944059E-003  -2.3775711075231742E-003
   15.719999999999999       -3.9774844589869239E-003  -2.2245854330839327E-003
   15.750000000000000       -4.0396412319602575E-003  -2.0718924324444471E-003
   15.779999999999999       -4.0972299861184733E-003  -1.9196251386071964E-003
   15.809999999999999       -4.1502674122940115E-003  -1.7679142058512583E-003
   15.840000000000000       -4.1987740471289212E-003  -1.6168878278303234E-003
   15.869999999999999       -4.2427741969023524E-003  -1.4666716591143821E-003
   15.899999999999999       -4.2822958591081711E-003  -1.3173887401939628E-003
   15.930000000000000       -4.3173706418870427E-003  -1.1691594259623935E-003
   15.959999999999999       -4.3480336814176890E-003  -1.0221013176882074E-003
   15.990000000000000       -4.3743235573722831E-003  -8.7632919848647749E-004
   16.020000000000000       -4.3962822065411215E-003  -7.3195497229460035E-004
   16.050000000000001       -4.4139548347317658E-003  -5.8908760635480195E-004
   16.079999999999998       -4.4273898270478394E-003  -4.4783307720245831E-004
   16.109999999999999       -4.4366386566525246E-003  -3.0829432015618284E-004
   16.140000000000001       -4.4417557921216013E-003  -1.7057118230254427E-004
   16.169999999999998       -4.4427986034905583E-003  -3.4760378965245936E-005
   16.199999999999999       -4.4398272670999267E-003   9.9044546354382250E-005
   16.230000000000000       -4.4329046693424769E-003   2.3075325858165139E-004
   16.259999999999998       -4.4220963094153826E-003   3.6027866423647540E-004
   16.289999999999999       -4.4074702011797796E-003   4.8753694118676595E-004
   16.320000000000000       -4.3890967742294274E-003   6.1244756501174205E-004
   16.349999999999998       -4.3670487742693579E-003   7.3493333200231313E-004
   16.379999999999999       -4.3414011629045084E-003   8.5492037882830933E-004
   16.410000000000000       -4.3122310169373618E-003   9.7233819890488150E-004
   16.439999999999998       -4.2796174272725753E-003   1.0871196554928710E-003
   16.469999999999999       -4.2436413975254642E-003   1.1992009915703665E-003
   16.500000000000000       -4.2043857424300139E-003   1.3085218365150016E-003
   16.530000000000001       -4.1619349861408495E-003   1.4150252096388259E-003
   16.559999999999999       -4.1163752605222559E-003   1.5186575206197761E-003
   16.590000000000000       -4.0677942035159788E-003   1.6193685668759077E-003
   16.620000000000001       -4.0162808576780611E-003   1.7171115279305969E-003
   16.649999999999999       -3.9619255689734940E-003   1.8118429568189098E-003
   16.680000000000000       -3.9048198859158770E-003   1.9035227685872346E-003
   16.710000000000001       -3.8450564591376735E-003   1.9921142259401127E-003
   16.739999999999998       -3.7827289414749752E-003   2.0775839220899504E-003
   16.770000000000000       -3.7179318886489659E-003   2.1599017608669785E-003
   16.800000000000001       -3.6507606606245128E-003   2.2390409341484321E-003
   16.829999999999998       -3.5813113237244897E-003   2.3149778966674380E-003
   16.859999999999999       -3.5096805535765828E-003   2.3876923382635594E-003
   16.890000000000001       -3.4359655389674336E-003   2.4571671536383105E-003
   16.919999999999998       -3.3602638866770261E-003   2.5233884096802521E-003
   16.949999999999999       -3.2826735273642615E-003   2.5863453104254951E-003
   16.980000000000000       -3.2032926225726440E-003   2.6460301597205807E-003
   17.009999999999998       -3.1222194729229710E-003   2.7024383216557686E-003
   17.039999999999999       -3.0395524275578386E-003   2.7555681788377462E-003
   17.070000000000000       -2.9553897949006879E-003   2.8054210885716949E-003
   17.099999999999998       -2.8698297547899839E-003   2.8520013370234650E-003
   17.129999999999999       -2.7829702720469827E-003   2.8953160914333793E-003
   17.160000000000000       -2.6949090115333664E-003   2.9353753504538700E-003
   17.189999999999998       -2.6057432547528540E-003   2.9721918926837489E-003
   17.219999999999999       -2.5155698180486805E-003   3.0057812234724549E-003
   17.250000000000000       -2.4244849724466382E-003   3.0361615200680736E-003
   17.280000000000001       -2.3325843651911386E-003   3.0633535751833150E-003
   17.309999999999999       -2.2399629430195204E-003   3.0873807390539446E-003
   17.340000000000000       -2.1467148772175882E-003   3.1082688600644042E-003
   17.370000000000001       -2.0529334904971219E-003   3.1260462240155365E-003
   17.399999999999999       -1.9587111857338395E-003   3.1407434921094167E-003
   17.430000000000000       -1.8641393766020494E-003   3.1523936377263356E-003
   17.460000000000001       -1.7693084201399812E-003   3.1610318820689404E-003
   17.489999999999998       -1.6743075512775283E-003   3.1666956287484320E-003
   17.520000000000000       -1.5792248193559017E-003   3.1694243973875544E-003
   17.550000000000001       -1.4841470266664554E-003   3.1692597563148738E-003
   17.579999999999998       -1.3891596690337189E-003   3.1662452544245494E-003
   17.609999999999999       -1.2943468784654558E-003   3.1604263522754385E-003
   17.640000000000001       -1.1997913678903672E-003   3.1518503525029560E-003
   17.669999999999998       -1.1055743780018683E-003   3.1405663296166287E-003
   17.699999999999999       -1.0117756262241959E-003   3.1266250592557471E-003
   17.730000000000000       -9.1847325781494848E-004   3.1100789469749148E-003
   17.759999999999998       -8.2574379911602898E-004   3.0909819566306510E-003
   17.789999999999999       -7.3366211296284421E-004   3.0693895384394936E-003
   17.820000000000000       -6.4230135625952575E-004   3.0453585567772816E-003
   17.849999999999998       -5.5173293972587078E-004   3.0189472177884979E-003
   17.879999999999999       -4.6202648981966024E-004   2.9902149968736836E-003
   17.910000000000000       -3.7324981283599944E-004   2.9592225661220278E-003
   17.939999999999998       -2.8546886118334104E-004   2.9260317217552801E-003
   17.969999999999999       -1.9874770183389706E-004   2.8907053116481330E-003
   18.000000000000000       -1.1314848694422182E-004   2.8533071629891745E-003
   18.029999999999998       -2.8731426639859204E-005   2.8139020101454206E-003
   18.059999999999999        5.4445236043910286E-005   2.7725554227923162E-003
   18.090000000000000        1.3632524807500793E-004   2.7293337343699212E-003
   18.120000000000001        2.1685436720275160E-004   2.6843039709247896E-003
   18.149999999999999        2.9598038061462635E-004   2.6375337803958240E-003
   18.180000000000000        3.7365312148665916E-004   2.5890913624010939E-003
   18.210000000000001        4.4982448344409870E-004   2.5390453985813187E-003
   18.239999999999998        5.2444843295072980E-004   2.4874649835543682E-003
   18.270000000000000        5.9748101964674286E-004   2.4344195565337685E-003
   18.300000000000001        6.6888038465662725E-004   2.3799788336628142E-003
   18.329999999999998        7.3860676689006116E-004   2.3242127411144619E-003
   18.359999999999999        8.0662250736023336E-004   2.2671913490057405E-003
   18.390000000000001        8.7289205154545194E-004   2.2089848061739512E-003
   18.419999999999998        9.3738194982126509E-004   2.1496632758604374E-003
   18.449999999999999        1.0000608559916514E-003   2.0892968723462096E-003
   18.480000000000000        1.0608995239491166E-003   2.0279555985821796E-003
   18.509999999999998        1.1198708024947733E-003   1.9657092848552266E-003
   18.539999999999999        1.1769496283506663E-003   1.9026275285297638E-003
   18.570000000000000        1.2321130173977536E-003   1.8387796349029113E-003
   18.599999999999998        1.2853400541740477E-003   1.7742345592098034E-003
   18.629999999999999        1.3366118796684671E-003   1.7090608498139795E-003
   18.660000000000000        1.3859116774469534E-003   1.6433265926162097E-003
   18.689999999999998        1.4332246581483588E-003   1.5770993567135142E-003
   18.719999999999999        1.4785380423885147E-003   1.5104461413385289E-003
   18.750000000000000        1.5218410421117478E-003   1.4434333241077671E-003
   18.779999999999998        1.5631248404299194E-003   1.3761266106057167E-003
   18.809999999999999        1.6023825699898226E-003   1.3085909853301088E-003
   18.840000000000000        1.6396092899104851E-003   1.2408906640220868E-003
   18.870000000000001        1.6748019613325872E-003   1.1730890474033989E-003
   18.899999999999999        1.7079594216228215E-003   1.1052486763411431E-003
   18.930000000000000        1.7390823572765914E-003   1.0374311884589968E-003
   18.960000000000001        1.7681732755629599E-003   9.6969727621227836E-004
   18.989999999999998        1.7952364749562382E-003   9.0210664644261045E-004
   19.020000000000000        1.8202780143990298E-003   8.3471798142638429E-004
   19.050000000000001        1.8433056814419198E-003   7.6758890142966814E-004
   19.079999999999998        1.8643289593053395E-003   7.0077592878065769E-004
   19.109999999999999        1.8833589929094165E-003   6.3433445346923229E-004
   19.140000000000001        1.9004085539178664E-003   5.6831870028166409E-004
   19.169999999999998        1.9154920048421772E-003   5.0278169747702492E-004
   19.199999999999999        1.9286252622524877E-003   4.3777524701034848E-004
   19.230000000000000        1.9398257591416719E-003   3.7334989630614024E-004
   19.259999999999998        1.9491124064892032E-003   3.0955491158437539E-004
   19.289999999999999        1.9565055540713941E-003   2.4643825273969856E-004
   19.320000000000000        1.9620269505645879E-003   1.8404654977312895E-004
   19.349999999999998        1.9656997029878138E-003   1.2242508077418894E-004
   19.379999999999999        1.9675482355313140E-003   6.1617751450010062E-005
   19.410000000000000        1.9675982478172130E-003   1.6670761966298818E-006
   19.439999999999998        1.9658766726384043E-003  -5.7385839293622340E-005
   19.469999999999999        1.9624116332215228E-003  -1.1550131389604372E-004
   19.500000000000000        1.9572324000595998E-003  -1.7264110539743702E-004
   19.529999999999998        1.9503693473597043E-003  -2.2876842332984575E-004
   19.559999999999999        1.9418539091505468E-003  -2.8384794030525060E-004
   19.590000000000000        1.9317185350946414E-003  -3.3784580186351453E-004
   19.620000000000001        1.9199966460492308E-003  -3.9072963484701668E-004
   19.649999999999999        1.9067225894197346E-003  -4.4246855431654032E-004
   19.680000000000000        1.8919315943490124E-003  -4.9303316902407277E-004
   19.710000000000001        1.8756597267852353E-003  -5.4239558545923956E-004
   19.739999999999998        1.8579438444706214E-003  -5.9052941048712694E-004
   19.770000000000000        1.8388215518927340E-003  -6.3740975259624836E-004
   19.800000000000001        1.8183311552394427E-003  -6.8301322177637992E-004
   19.829999999999998        1.7965116173980350E-003  -7.2731792804692468E-004
   19.859999999999999        1.7734025130383137E-003  -7.7030347865737368E-004
   19.890000000000001        1.7490439838188448E-003  -8.1195097398229833E-004
   19.919999999999998        1.7234766937548203E-003  -8.5224300213415129E-004
   19.949999999999999        1.6967417847852818E-003  -8.9116363231795369E-004
   19.980000000000000        1.6688808325767003E-003  -9.2869840695271951E-004
   20.009999999999998        1.6399358025991442E-003  -9.6483433258520528E-004
   20.039999999999999        1.6099490065104760E-003  -9.9955986962227427E-004
   20.070000000000000        1.5789630588832109E-003  -1.0328649209088347E-003
   20.099999999999998        1.5470208343078425E-003  -1.0647408191789447E-003
   20.129999999999999        1.5141654249055943E-003  -1.0951803134082786E-003
   20.160000000000000        1.4804400982826929E-003  -1.1241775540967122E-003
   20.189999999999998        1.4458882559573833E-003  -1.1517280775103199E-003
   20.219999999999999        1.4105533922900062E-003  -1.1778287889125699E-003
   20.250000000000000        1.3744790539455571E-003  -1.2024779448149686E-003
   20.279999999999998        1.3377087999172220E-003  -1.2256751342778333E-003
   20.309999999999999        1.3002861621384540E-003  -1.2474212592922692E-003
   20.340000000000000        1.2622546067102105E-003  -1.2677185142747837E-003
   20.370000000000001        1.2236574957690215E-003  -1.2865703647063017E-003
   20.399999999999999        1.1845380500205924E-003  -1.3039815249476362E-003
   20.430000000000000        1.1449393119626805E-003  -1.3199579352637333E-003
   20.460000000000001        1.1049041098200034E-003  -1.3345067380892335E-003
   20.489999999999998        1.0644750222129607E-003  -1.3476362535680883E-003
   20.520000000000000        1.0236943435809566E-003  -1.3593559544001353E-003
   20.550000000000001        9.8260405038012671E-004  -1.3696764400276593E-003
   20.579999999999998        9.4124576807427449E-004  -1.3786094101950748E-003
   20.609999999999999        8.9966073893682681E-004  -1.3861676379149238E-003
   20.640000000000001        8.5788979068062408E-004  -1.3923649418734253E-003
   20.669999999999998        8.1597330593135957E-004  -1.3972161583088161E-003
   20.699999999999999        7.7395119255948858E-004  -1.4007371123956989E-003
   20.730000000000000        7.3186285488443170E-004  -1.4029445891685626E-003
   20.759999999999998        6.8974716576390509E-004  -1.4038563040175535E-003
   20.789999999999999        6.4764243958022110E-004  -1.4034908727894673E-003
   20.820000000000000        6.0558640613441730E-004  -1.4018677815267938E-003
   20.849999999999998        5.6361618545809297E-004  -1.3990073558774760E-003
   20.879999999999999        5.2176826355185724E-004  -1.3949307302078562E-003
   20.910000000000000        4.8007846905832554E-004  -1.3896598164510575E-003
   20.939999999999998        4.3858195087664127E-004  -1.3832172727228100E-003
   20.969999999999999        3.9731315672454772E-004  -1.3756264717364518E-003
   21.000000000000000        3.5630581265309132E-004  -1.3669114690485467E-003
   21.029999999999998        3.1559290351810415E-004  -1.3570969711662394E-003
   21.059999999999999        2.7520665441169037E-004  -1.3462083035471254E-003
   21.090000000000000        2.3517851305602887E-004  -1.3342713785220502E-003
   21.119999999999997        1.9553913316090298E-004  -1.3213126631708629E-003
   21.149999999999999        1.5631835874548066E-004  -1.3073591471807443E-003
   21.180000000000000        1.1754520942399170E-004  -1.2924383107162990E-003
   21.210000000000001        7.9247866654087086E-005  -1.2765780923301537E-003
   21.239999999999998        4.1453660945817023E-005  -1.2598068569423355E-003
   21.270000000000000        4.1890600283304611E-006  -1.2421533639162187E-003
   21.300000000000001       -3.2520342029419280E-005  -1.2236467352583248E-003
   21.329999999999998       -6.8649834748481464E-005  -1.2043164239687394E-003
   21.359999999999999       -1.0417560022553260E-004  -1.1841921825683714E-003
   21.390000000000001       -1.3907472118039458E-004  -1.1633040318287326E-003
   21.419999999999998       -1.7332518807227477E-004  -1.1416822297293395E-003
   21.449999999999999       -2.0690590529229275E-004  -1.1193572406672659E-003
   21.480000000000000       -2.3979669644057605E-004  -1.0963597049427766E-003
   21.509999999999998       -2.7197830869690688E-004  -1.0727204085443621E-003
   21.539999999999999       -3.0343241629458340E-004  -1.0484702532558836E-003
   21.570000000000000       -3.3414162310782026E-004  -1.0236402271078947E-003
   21.599999999999998       -3.6408946436365756E-004  -9.9826137519457730E-004
   21.629999999999999       -3.9326040748996965E-004  -9.7236477087706951E-004
   21.660000000000000       -4.2163985211176897E-004  -9.4598148739331032E-004
   21.689999999999998       -4.4921412920858456E-004  -9.1914256989385364E-004
   21.719999999999999       -4.7597049944625745E-004  -8.9187900792243044E-004
   21.750000000000000       -5.0189715069703814E-004  -8.6422170835935683E-004
   21.779999999999998       -5.2698319476239400E-004  -8.3620146884519667E-004
   21.809999999999999       -5.5121866331343577E-004  -8.0784895170139283E-004
   21.840000000000000       -5.7459450306435232E-004  -7.7919465836388585E-004
   21.869999999999997       -5.9710257019470337E-004  -7.5026890434503430E-004
   21.899999999999999       -6.1873562403685673E-004  -7.2110179473844696E-004
   21.930000000000000       -6.3948732004527554E-004  -6.9172320028062899E-004
   21.960000000000001       -6.5935220206475456E-004  -6.6216273398263389E-004
   21.989999999999998       -6.7832569391508069E-004  -6.3244972834420319E-004
   22.020000000000000       -6.9640409030994558E-004  -6.0261321316216327E-004
   22.050000000000001       -7.1358454712826974E-004  -5.7268189394413791E-004
   22.079999999999998       -7.2986507105640751E-004  -5.4268413093792433E-004
   22.109999999999999       -7.4524450861999264E-004  -5.1264791878616984E-004
   22.140000000000001       -7.5972253462445105E-004  -4.8260086681528185E-004
   22.169999999999998       -7.7329964002345489E-004  -4.5257017996679598E-004
   22.199999999999999       -7.8597711923481667E-004  -4.2258264037872662E-004
   22.230000000000000       -7.9775705692352846E-004  -3.9266458962372743E-004
   22.259999999999998       -8.0864231427183429E-004  -3.6284191161019367E-004
   22.289999999999999       -8.1863651475638679E-004  -3.3314001615175138E-004
   22.320000000000000       -8.2774402945268361E-004  -3.0358382320989420E-004
   22.349999999999998       -8.3596996188709915E-004  -2.7419774781385143E-004
   22.379999999999999       -8.4332013245693219E-004  -2.4500568566110099E-004
   22.410000000000000       -8.4980106243897052E-004  -2.1603099940127577E-004
   22.439999999999998       -8.5541995760713720E-004  -1.8729650560555692E-004
   22.469999999999999       -8.6018469147982712E-004  -1.5882446242299848E-004
   22.500000000000000       -8.6410378821756475E-004  -1.3063655792458796E-004
   22.529999999999998       -8.6718640519162129E-004  -1.0275389913521711E-004
   22.559999999999999       -8.6944231524421474E-004  -7.5197001753114139E-005
   22.590000000000000       -8.7088188866088511E-004  -4.7985780555678248E-005
   22.619999999999997       -8.7151607487558676E-004  -2.1139540490054072E-005
   22.649999999999999       -8.7135638392897259E-004   5.3230315538066982E-006
   22.680000000000000       -8.7041486770025964E-004   3.1383874290430174E-005
   22.710000000000001       -8.6870410093296401E-004   5.7025558909854186E-005
   22.739999999999998       -8.6623716207467286E-004   8.2231295276371502E-005
   22.770000000000000       -8.6302761395088822E-004   1.0698493745948811E-004
   22.800000000000001       -8.5908948429282411E-004   1.3127098860213582E-004
   22.829999999999998       -8.5443724613887316E-004   1.5507460513169920E-004
   22.859999999999999       -8.4908579812927542E-004   1.7838160031992487E-004
   22.890000000000001       -8.4305044471332717E-004   2.0117844719827639E-004
   22.919999999999998       -8.3634687628825384E-004   2.2345228083577888E-004
   22.949999999999999       -8.2899114928864780E-004   2.4519089998686666E-004
   22.980000000000000       -8.2099966624513175E-004   2.6638276811720044E-004
   23.009999999999998       -8.1238915583065595E-004   2.8701701381586152E-004
   23.039999999999999       -8.0317665291257325E-004   3.0708343060275608E-004
   23.070000000000000       -7.9337947862835904E-004   3.2657247614047488E-004
   23.099999999999998       -7.8301522050255152E-004   3.4547527086025109E-004
   23.129999999999999       -7.7210171262219029E-004   3.6378359601204051E-004
   23.160000000000000       -7.6065701588771679E-004   3.8148989114911803E-004
   23.189999999999998       -7.4869939835597876E-004   3.9858725105793556E-004
   23.219999999999999       -7.3624731569164902E-004   4.1506942214432580E-004
   23.250000000000000       -7.2331939174302522E-004   4.3093079828745892E-004
   23.279999999999998       -7.0993439925782717E-004   4.4616641617326703E-004
   23.309999999999999       -6.9611124075424685E-004   4.6077195011934383E-004
   23.340000000000000       -6.8186892956213871E-004   4.7474370640360501E-004
   23.369999999999997       -6.6722657104886101E-004   4.8807861710925657E-004
   23.399999999999999       -6.5220334404389501E-004   5.0077423349886624E-004
   23.430000000000000       -6.3681848247597805E-004   5.1282871893056406E-004
   23.460000000000001       -6.2109125723608957E-004   5.2424084132961528E-004
   23.489999999999998       -6.0504095827922523E-004   5.3500996522881043E-004
   23.520000000000000       -5.8868687697748612E-004   5.4513604339130454E-004
   23.550000000000001       -5.7204828873659499E-004   5.5461960802970580E-004
   23.579999999999998       -5.5514443588753379E-004   5.6346176163537490E-004
   23.609999999999999       -5.3799451086457284E-004   5.7166416743203335E-004
   23.640000000000001       -5.2061763968053556E-004   5.7922903946790952E-004
   23.669999999999998       -5.0303286570971284E-004   5.8615913236075880E-004
   23.699999999999999       -4.8525913378840693E-004   5.9245773071019646E-004
   23.730000000000000       -4.6731527464265112E-004   5.9812863819186032E-004
   23.759999999999998       -4.4921998965221136E-004   6.0317616634799210E-004
   23.789999999999999       -4.3099183595953899E-004   6.0760512308907875E-004
   23.820000000000000       -4.1264921193190189E-004   6.1142080092123645E-004
   23.849999999999998       -3.9421034298448048E-004   6.1462896491404676E-004
   23.879999999999999       -3.7569326777177353E-004   6.1723584042356553E-004
   23.910000000000000       -3.5711582475421666E-004   6.1924810058522827E-004
   23.939999999999998       -3.3849563914647589E-004   6.2067285359135847E-004
   23.969999999999999       -3.1985011025343713E-004   6.2151762976795939E-004
   24.000000000000000       -3.0119639919947414E-004   6.2179036846543318E-004
   24.029999999999998       -2.8255141705613970E-004   6.2149940477781431E-004
   24.059999999999999       -2.6393181337298839E-004   6.2065345610504336E-004
   24.090000000000000       -2.4535396511580652E-004   6.1926160857272994E-004
   24.119999999999997       -2.2683396601609363E-004   6.1733330332376342E-004
   24.149999999999999       -2.0838761633521267E-004   6.1487832269603256E-004
   24.180000000000000       -1.9003041304620062E-004   6.1190677630040195E-004
   24.210000000000001       -1.7177754043581152E-004   6.0842908701297046E-004
   24.239999999999998       -1.5364386112894633E-004   6.0445597689550660E-004
   24.270000000000000       -1.3564390753721209E-004   5.9999845305780755E-004
   24.300000000000001       -1.1779187373294476E-004   5.9506779347557801E-004
   24.329999999999998       -1.0010160774962693E-004   5.8967553277726090E-004
   24.359999999999999       -8.2586604309234664E-005   5.8383344801307560E-004
   24.390000000000001       -6.5259997976654461E-005   5.7755354441934009E-004
   24.419999999999998       -4.8134556740925663E-005   5.7084804119095992E-004
   24.449999999999999       -3.1222676022682691E-005   5.6372935727476566E-004
   24.480000000000000       -1.4536373106797517E-005   5.5621009719617246E-004
   24.509999999999998        1.9127180011450348E-006   5.4830303693141841E-004
   24.539999999999999        1.8113351296267420E-005   5.4002110983741283E-004
   24.570000000000000        3.4054673075797215E-005   5.3137739265099329E-004
   24.599999999999998        4.9726225822871773E-005   5.2238509156915189E-004
   24.629999999999999        6.5117951675518074E-005   5.1305752842154321E-004
   24.660000000000000        8.0220195483908128E-005   5.0340812694633517E-004
   24.689999999999998        9.5023707459314250E-005   4.9345039918020407E-004
   24.719999999999999        1.0951964541850460E-004   4.8319793197301166E-004
   24.750000000000000        1.2369957662762749E-004   4.7266437363742956E-004
   24.779999999999998        1.3755547924993258E-004   4.6186342074350332E-004
   24.809999999999999        1.5107974340196857E-004   4.5080880506786656E-004
   24.840000000000000        1.6426517182317952E-004   4.3951428070703157E-004
   24.869999999999997        1.7710498016409629E-004   4.2799361136389261E-004
   24.899999999999999        1.8959279689858489E-004   4.1626055781628682E-004
   24.930000000000000        2.0172266286586969E-004   4.0432886557615998E-004
   24.960000000000001        2.1348903044829721E-004   3.9221225274758400E-004
   24.989999999999998        2.2488676239104438E-004   3.7992439809157285E-004
   25.020000000000000        2.3591113027020443E-004   3.6747892930533513E-004
   25.050000000000001        2.4655781261590328E-004   3.5488941152329601E-004
   25.079999999999998        2.5682289269731063E-004   3.4216933604691168E-004
   25.109999999999999        2.6670285597661024E-004   3.2933210930998630E-004
   25.140000000000001        2.7619458723918697E-004   3.1639104208589159E-004
   25.169999999999998        2.8529536740747014E-004   3.0335933894277294E-004
   25.199999999999999        2.9400287004604554E-004   2.9025008795251309E-004
   25.230000000000000        3.0231515756581282E-004   2.7707625065890868E-004
   25.259999999999998        3.1023067713511885E-004   2.6385065231020031E-004
   25.289999999999999        3.1774825630594231E-004   2.5058597236078152E-004
   25.320000000000000        3.2486709836334021E-004   2.3729473524659712E-004
   25.349999999999998        3.3158677740649305E-004   2.2398930143842811E-004
   25.379999999999999        3.3790723316980142E-004   2.1068185877694636E-004
   25.410000000000000        3.4382876559259476E-004   1.9738441409311157E-004
   25.439999999999998        3.4935202914610988E-004   1.8410878511717119E-004
   25.469999999999999        3.5447802692648641E-004   1.7086659267921689E-004
   25.500000000000000        3.5920810452260468E-004   1.5766925320394312E-004
   25.529999999999998        3.6354394366766319E-004   1.4452797150194978E-004
   25.559999999999999        3.6748755568345205E-004   1.3145373385962808E-004
   25.590000000000000        3.7104127472633317E-004   1.1845730142937076E-004
   25.619999999999997        3.7420775084397965E-004   1.0554920392154949E-004
   25.649999999999999        3.7698994285196197E-004   9.2739733599411111E-005
   25.680000000000000        3.7939111103929454E-004   8.0038939577752808E-005
   25.709999999999997        3.8141480971207306E-004   6.7456622425950949E-005
   25.739999999999998        3.8306487958434212E-004   5.5002329075635393E-005
   25.770000000000000        3.8434544002533281E-004   4.2685348033022813E-005
   25.800000000000001        3.8526088117220227E-004   3.0514704895647751E-005
   25.829999999999998        3.8581585591739107E-004   1.8499158172960519E-005
   25.859999999999999        3.8601527177969095E-004   6.6471954099953029E-006
   25.890000000000001        3.8586428266808249E-004  -5.0329703869489427E-006
   25.919999999999998        3.8536828054736466E-004  -1.6533404023928119E-005
   25.949999999999999        3.8453288701454952E-004  -2.7846451093837404E-005
   25.980000000000000        3.8336394479494243E-004  -3.8964740653570513E-005
   26.009999999999998        3.8186750916676532E-004  -4.9881187605904233E-005
   26.039999999999999        3.8004983932311349E-004  -6.0588994788393699E-005
   26.070000000000000        3.7791738967995971E-004  -7.1081654771793242E-005
   26.099999999999998        3.7547680113883747E-004  -8.1352951370741386E-005
   26.129999999999999        3.7273489231274745E-004  -9.1396960869666484E-005
   26.160000000000000        3.6969865072373500E-004  -1.0120805296708120E-004
   26.189999999999998        3.6637522398048580E-004  -1.1078089144164035E-004
   26.219999999999999        3.6277191094417969E-004  -1.2011043454353612E-004
   26.250000000000000        3.5889615289072974E-004  -1.2919193511499828E-004
   26.279999999999998        3.5475552467741409E-004  -1.3802094044385450E-004
   26.309999999999999        3.5035772592178550E-004  -1.4659329185428657E-004
   26.340000000000000        3.4571057220061273E-004  -1.5490512403909285E-004
   26.369999999999997        3.4082198627647466E-004  -1.6295286413793548E-004
   26.399999999999999        3.3569998935948828E-004  -1.7073323056621191E-004
   26.430000000000000        3.3035269241150792E-004  -1.7824323159934568E-004
   26.459999999999997        3.2478828749998476E-004  -1.8548016371743899E-004
   26.489999999999998        3.1901503920852360E-004  -1.9244160971537154E-004
   26.520000000000000        3.1304127611101666E-004  -1.9912543658356493E-004
   26.550000000000001        3.0687538231607389E-004  -2.0552979316475981E-004
   26.579999999999998        3.0052578908830566E-004  -2.1165310759227454E-004
   26.609999999999999        2.9400096655284578E-004  -2.1749408451532853E-004
   26.640000000000001        2.8730941548933214E-004  -2.2305170211712178E-004
   26.669999999999998        2.8045965922138824E-004  -2.2832520893146271E-004
   26.699999999999999        2.7346023560747331E-004  -2.3331412046383098E-004
   26.730000000000000        2.6631968913878781E-004  -2.3801821562285025E-004
   26.759999999999998        2.5904656314974100E-004  -2.4243753296822595E-004
   26.789999999999999        2.5164939214630268E-004  -2.4657236678127801E-004
   26.820000000000000        2.4413669425737470E-004  -2.5042326296426641E-004
   26.849999999999998        2.3651696381413168E-004  -2.5399101477476763E-004
   26.879999999999999        2.2879866406208920E-004  -2.5727665840141593E-004
   26.910000000000000        2.2099022001046808E-004  -2.6028146838737062E-004
   26.939999999999998        2.1310001142323072E-004  -2.6300695290791196E-004
   26.969999999999999        2.0513636595597258E-004  -2.6545484890860415E-004
   27.000000000000000        1.9710755244265780E-004  -2.6762711711049263E-004
   27.029999999999998        1.8902177433599305E-004  -2.6952593688882548E-004
   27.059999999999999        1.8088716330503889E-004  -2.7115370103180487E-004
   27.090000000000000        1.7271177299346232E-004  -2.7251301038588567E-004
   27.119999999999997        1.6450357294163807E-004  -2.7360666839414181E-004
   27.149999999999999        1.5627044267561147E-004  -2.7443767553422029E-004
   27.180000000000000        1.4802016596573964E-004  -2.7500922366239432E-004
   27.209999999999997        1.3976042525763320E-004  -2.7532469027021503E-004
   27.239999999999998        1.3149879627782598E-004  -2.7538763266024113E-004
   27.270000000000000        1.2324274281640688E-004  -2.7520178204730293E-004
   27.300000000000001        1.1499961168865509E-004  -2.7477103759172605E-004
   27.329999999999998        1.0677662787752793E-004  -2.7409946037090549E-004
   27.359999999999999        9.8580889858660507E-005  -2.7319126729558079E-004
   27.390000000000001        9.0419365109347001E-005  -2.7205082497711676E-004
   27.419999999999998        8.2298885802785672E-005  -2.7068264355204424E-004
   27.449999999999999        7.4226144688683876E-005  -2.6909137047006001E-004
   27.480000000000000        6.6207691161135132E-005  -2.6728178425162492E-004
   27.509999999999998        5.8249927514498126E-005  -2.6525878822123350E-004
   27.539999999999999        5.0359105387827273E-005  -2.6302740422236173E-004
   27.570000000000000        4.2541322398226596E-005  -2.6059276632002255E-004
   27.599999999999998        3.4802518963323077E-005  -2.5796011449678407E-004
   27.629999999999999        2.7148475312882442E-005  -2.5513478834802121E-004
   27.660000000000000        1.9584808689419822E-005  -2.5212222078208730E-004
   27.689999999999998        1.2116970737489792E-005  -2.4892793173100102E-004
   27.719999999999999        4.7502450811752378E-006  -2.4555752187715183E-004
   27.750000000000000       -2.5102549108676392E-006  -2.4201666640142925E-004
   27.779999999999998       -9.6595881736100941E-006  -2.3831110875808186E-004
   27.809999999999999       -1.6692987808055298E-005  -2.3444665448150683E-004
   27.840000000000000       -2.3605862758957272E-005  -2.3042916503006582E-004
   27.869999999999997       -3.0393799309114629E-005  -2.2626455167191190E-004
   27.899999999999999       -3.7052562391645633E-005  -2.2195876941770017E-004
   27.930000000000000       -4.3578096721793825E-005  -2.1751781100493964E-004
   27.959999999999997       -4.9966527749952587E-005  -2.1294770093862551E-004
   27.989999999999998       -5.6214162437732726E-005  -2.0825448959267128E-004
   28.020000000000000       -6.2317489859028849E-005  -2.0344424737653744E-004
   28.050000000000001       -6.8273181628168711E-005  -1.9852305897132856E-004
   28.079999999999998       -7.4078092157353856E-005  -1.9349701763950476E-004
   28.109999999999999       -7.9729258745720577E-005  -1.8837221961222412E-004
   28.140000000000001       -8.5223901502466678E-005  -1.8315475855820325E-004
   28.169999999999998       -9.0559423106602215E-005  -1.7785072013785117E-004
   28.199999999999999       -9.5733408405991182E-005  -1.7246617664629874E-004
   28.230000000000000       -1.0074362385845553E-004  -1.6700718174881144E-004
   28.259999999999998       -1.0558801681781367E-004  -1.6147976531193797E-004
   28.289999999999999       -1.1026471466782198E-004  -1.5588992833361041E-004
   28.320000000000000       -1.1477202380708023E-004  -1.5024363797527476E-004
   28.349999999999998       -1.1910842848805000E-004  -1.4454682269899246E-004
   28.379999999999999       -1.2327258951341945E-004  -1.3880536751231492E-004
   28.410000000000000       -1.2726334279312726E-004  -1.3302510932359395E-004
   28.439999999999998       -1.3107969776543482E-004  -1.2721183241025199E-004
   28.469999999999999       -1.3472083568550670E-004  -1.2137126400239616E-004
   28.500000000000000       -1.3818610778502732E-004  -1.1550906998402073E-004
   28.529999999999998       -1.4147503330644442E-004  -1.0963085071390319E-004
   28.559999999999999       -1.4458729741548921E-004  -1.0374213696815955E-004
   28.590000000000000       -1.4752274899567779E-004  -9.7848386006285816E-005
   28.619999999999997       -1.5028139832854901E-004  -9.1954977762373854E-005
   28.649999999999999       -1.5286341466344056E-004  -8.6067211163051930E-005
   28.680000000000000       -1.5526912368064746E-004  -8.0190300573562909E-005
   28.709999999999997       -1.5749900485184515E-004  -7.4329372373256564E-005
   28.739999999999998       -1.5955368870169425E-004  -6.8489461661636912E-005
   28.770000000000000       -1.6143395397457338E-004  -6.2675509095970613E-005
   28.799999999999997       -1.6314072471041328E-004  -5.6892357861329440E-005
   28.829999999999998       -1.6467506723362750E-004  -5.1144750773806964E-005
   28.859999999999999       -1.6603818705915308E-004  -4.5437327517519228E-005
   28.890000000000001       -1.6723142571962914E-004  -3.9774622015869112E-005
   28.919999999999998       -1.6825625751775195E-004  -3.4161059937426462E-005
   28.949999999999999       -1.6911428620785144E-004  -2.8600956336649320E-005
   28.980000000000000       -1.6980724161073785E-004  -2.3098513429547079E-005
   29.009999999999998       -1.7033697616586574E-004  -1.7657818504263269E-005
   29.039999999999999       -1.7070546142485877E-004  -1.2282841966434715E-005
   29.070000000000000       -1.7091478449043072E-004  -6.9774355190645203E-006
   29.099999999999998       -1.7096714440472660E-004  -1.7453304765293277E-006
   29.129999999999999       -1.7086484849109339E-004   3.4098637877737631E-006
   29.160000000000000       -1.7061030865327096E-004   8.4846612607481341E-006
   29.189999999999998       -1.7020603763597282E-004   1.3475700576604521E-005
   29.219999999999999       -1.6965464525080142E-004   1.8379746172380213E-005
   29.250000000000000       -1.6895883457141434E-004   2.3193689312902961E-005
   29.279999999999998       -1.6812139810182727E-004   2.7914548986235433E-005
   29.309999999999999       -1.6714521392170517E-004   3.2539472670737126E-005
   29.340000000000000       -1.6603324181245580E-004   3.7065736974979109E-005
   29.369999999999997       -1.6478851936790052E-004   4.1490748151842870E-005
   29.399999999999999       -1.6341415809325368E-004   4.5812042488227869E-005
   29.430000000000000       -1.6191333949609719E-004   5.0027286571882849E-005
   29.459999999999997       -1.6028931117298827E-004   5.4134277436963980E-005
   29.489999999999998       -1.5854538289528802E-004   5.8130942590007871E-005
   29.520000000000000       -1.5668492269774534E-004   6.2015339918089900E-005
   29.549999999999997       -1.5471135297331481E-004   6.5785657481017717E-005
   29.579999999999998       -1.5262814657763022E-004   6.9440213189486354E-005
   29.609999999999999       -1.5043882294649437E-004   7.2977454371195335E-005
   29.640000000000001       -1.4814694422968442E-004   7.6395957226998705E-005
   29.669999999999998       -1.4575611144430762E-004   7.9694426179226973E-005
   29.699999999999999       -1.4326996065087608E-004   8.2871693114384965E-005
   29.730000000000000       -1.4069215915520135E-004   8.5926716522491476E-005
   29.759999999999998       -1.3802640173913978E-004   8.8858580535385642E-005
   29.789999999999999       -1.3527640692314835E-004   9.1666493866381153E-005
   29.820000000000000       -1.3244591326353727E-004   9.4349788653702295E-005
   29.849999999999998       -1.2953867568723170E-004   9.6907919210186103E-005
   29.879999999999999       -1.2655846186677825E-004   9.9340460681781806E-005
   29.910000000000000       -1.2350904863825556E-004   1.0164710761742296E-004
   29.939999999999998       -1.2039421846466889E-004   1.0382767245288894E-004
   29.969999999999999       -1.1721775594732958E-004   1.0588208391131025E-004
   30.000000000000000       -1.1398344438763935E-004   1.0781038532300762E-004
