  0.10000000000000001       0.26001060488720490       -1.7887829119444913E-002
  0.20000000000000001       0.25733561658898130       -2.6749882982236264E-002
  0.30000000000000004       0.25463336158507721       -2.7022550039040649E-002
  0.40000000000000002       0.25270952193357543       -1.9238396515017672E-002
  0.50000000000000000       0.25230792725278312       -4.0159468079229085E-003
  0.60000000000000009       0.25410303763622244        1.7951103834393311E-002
  0.70000000000000007       0.25869356156993401        4.5905239337115558E-002
  0.80000000000000004       0.26659725987958244        7.9036983096484340E-002
  0.90000000000000002       0.27824697858519593       0.11649718705613477     
   1.0000000000000000       0.29398794425205682       0.15740965666860901     
   1.1000000000000001       0.31407634607572987       0.20088401823673052     
   1.2000000000000002       0.33867921957513319       0.24602873499403299     
   1.3000000000000000       0.36787563637735643       0.29196416802223218     
   1.4000000000000001       0.40165919135193462       0.33783554974578173     
   1.5000000000000000       0.43994176017522391       0.38282568823289315     
   1.6000000000000001       0.48255847547741576       0.42616715302191854     
   1.7000000000000002       0.52927383718897936       0.46715361711563597     
   1.8000000000000000       0.57978883315091934       0.50514995961939968     
   1.9000000000000001       0.63374890178155252       0.53960068630633140     
   2.0000000000000000       0.69075252353082517       0.57003621749272604     
   2.1000000000000001       0.75036018712540875       0.59607663594583593     
   2.2000000000000002       0.81210344578036497       0.61743258654956212     
   2.3000000000000003       0.87549376269640455       0.63390316916039557     
   2.4000000000000004       0.94003084791317948       0.64537085216774903     
   2.5000000000000000        1.0052102114246302       0.65179363511450661     
   2.6000000000000001        1.0705296993457980       0.65319487921167729     
   2.7000000000000002        1.1354948374145484       0.64965138068750294     
   2.8000000000000003        1.1996228739264223       0.64128036511873965     
   2.9000000000000004        1.2624454860497731       0.62822612123350841     
   3.0000000000000000        1.3235101830399822       0.61064696990209189     
   3.1000000000000001        1.3823805017156823       0.58870318675700062     
   3.2000000000000002        1.4386351397302541       0.56254638014571767     
   3.3000000000000003        1.4918662085435033       0.53231068813249149     
   3.4000000000000004        1.5416768102612399       0.49810601717736680     
   3.5000000000000000        1.5876781519055851       0.46001341644345300     
   3.6000000000000001        1.6294864095805799       0.41808257674994703     
   3.7000000000000002        1.6667195464477413       0.37233136867161359     
   3.8000000000000003        1.6989942757051697       0.32274729257428364     
   3.9000000000000004        1.7259233460521481       0.26929070346978518     
   4.0000000000000000        1.7471133152658225       0.21189969213674228     
   4.1000000000000005        1.7621629698882249       0.15049654622402381     
   4.2000000000000002        1.7706625474269568        8.4995775387319589E-002
   4.2999999999999998        1.7721939230694137        1.5313756424569676E-002
   4.4000000000000004        1.7663319360727858       -5.8619869966279450E-002
   4.5000000000000000        1.7526470510659025      -0.13684885006883341     
   4.6000000000000005        1.7307095743972229      -0.21937476668679559     
   4.7000000000000002        1.7000956712692461      -0.30613903127976938     
   4.8000000000000007        1.6603954487845587      -0.39700222484687381     
   4.9000000000000004        1.6112233725671687      -0.49172076217389993     
   5.0000000000000000        1.5522312552233994      -0.58992117343769213     
   5.1000000000000005        1.4831239737824129      -0.69107281440986468     
   5.2000000000000002        1.4036779169276121      -0.79446056854800851     
   5.3000000000000007        1.3137619073250599      -0.89916009602552271     
   5.4000000000000004        1.2133599716774965       -1.0040193564756343     
   5.5000000000000000        1.1025948396968501       -1.1076513198064635     
   5.6000000000000005       0.98175047166798779       -1.2084436802886234     
   5.7000000000000002       0.85129131585129403       -1.3045915581669374     
   5.8000000000000007       0.71187550749810180       -1.3941580835319227     
   5.9000000000000004       0.56435901181214554       -1.4751649568595619     
   6.0000000000000000       0.40978796761939451       -1.5457104419275105     
   6.1000000000000005       0.24937734338344278       -1.6041062423595172     
   6.2000000000000002        8.4475486584699805E-002  -1.6490185679874296     
   6.3000000000000007       -8.3483937157038612E-002  -1.6795942374173840     
   6.4000000000000004      -0.25303911379911087       -1.6955517664207225     
   6.5000000000000000      -0.42276123115137182       -1.6972211735226095     
   6.6000000000000005      -0.59131366607250591       -1.6855243492113405     
   6.7000000000000002      -0.75750350047820825       -1.6618983440570239     
   6.8000000000000007      -0.92032089354386004       -1.6281739306565173     
   6.9000000000000004       -1.0789637491713564       -1.5864285562749645     
   7.0000000000000000       -1.2328472318323096       -1.5388348266095320     
   7.1000000000000005       -1.3815995421339649       -1.4875231030165532     
   7.2000000000000002       -1.5250466560996683       -1.4344711396570335     
   7.3000000000000007       -1.6631893511103737       -1.3814269501070535     
   7.4000000000000004       -1.7961758545118685       -1.3298650340149474     
   7.5000000000000000       -1.9242730304210720       -1.2809717590920351     
   7.6000000000000005       -2.0478383664577713       -1.2356533603669919     
   7.7000000000000002       -2.1672943076050468       -1.1945594114727538     
   7.8000000000000007       -2.2831058281772485       -1.1581152057220190     
   7.9000000000000004       -2.3957615983250218       -1.1265577014777326     
   8.0000000000000000       -2.5057587079148655       -1.0999710958984386     
   8.0999999999999996       -2.6135906489351886       -1.0783194102032283     
   8.2000000000000011       -2.7197381045752431       -1.0614745564005477     
   8.3000000000000007       -2.8246620215642197       -1.0492391698897676     
   8.4000000000000004       -2.9287984270519085       -1.0413640548768872     
   8.5000000000000000       -3.0325544719418360       -1.0375604488992758     
   8.5999999999999996       -3.1363052244647034       -1.0375075252286716     
   8.7000000000000011       -3.2403907914695078       -1.0408556700480458     
   8.8000000000000007       -3.3451134053658804       -1.0472261389637258     
   8.9000000000000004       -3.4507341802259717       -1.0562077486009143     
   9.0000000000000000       -3.5574693120327470       -1.0673513180677523     
   9.0999999999999996       -3.6654855777389170       -1.0801626570616987     
   9.2000000000000011       -3.7748950785468960       -1.0940950080797887     
   9.3000000000000007       -3.8857492770552340       -1.1085419850833811     
   9.4000000000000004       -3.9980324964449623       -1.1228321938972827     
   9.5000000000000000       -4.1116551805983432       -1.1362268415338124     
   9.6000000000000014       -4.2264473506679954       -1.1479217006965172     
   9.7000000000000011       -4.3421528247052867       -1.1570547403729166     
   9.8000000000000007       -4.4584248756903540       -1.1627205098506708     
   9.9000000000000004       -4.5748240685268762       -1.1639919283652267     
   10.000000000000000       -4.6908190155531466       -1.1599494702627005     
   10.100000000000001       -4.8057907031725851       -1.1497168761943843     
   10.200000000000001       -4.9190408584899501       -1.1325015531736535     
   10.300000000000001       -5.0298045482037201       -1.1076368971377033     
   10.400000000000000       -5.1372668547779892       -1.0746230657426878     
   10.500000000000000       -5.2405830976497754       -1.0331624287178605     
   10.600000000000001       -5.3389017131728638      -0.98318615523088027     
   10.700000000000001       -5.4313886317809494      -0.92486918608085456     
   10.800000000000001       -5.5172518397664589      -0.85863207985509915     
   10.900000000000000       -5.5957648098347290      -0.78512970068270327     
   11.000000000000000       -5.6662876253199554      -0.70522815485226709     
   11.100000000000001       -5.7282848774675665      -0.61997252147611226     
   11.200000000000001       -5.7813397352201559      -0.53054857752588913     
   11.300000000000001       -5.8251639182957264      -0.43824183075570300     
   11.400000000000000       -5.8596035991499775      -0.34439680854251081     
   11.500000000000000       -5.8846414850032263      -0.25037885853248598     
   11.600000000000001       -5.9003954737643092      -0.15753988761082993     
   11.700000000000001       -5.9071143413650073       -6.7188676006977310E-002
   11.800000000000001       -5.9051709196400255        1.9434217249822291E-002
   11.900000000000000       -5.8950531870479024       0.10117732592123363     
   12.000000000000000       -5.8773536434647147       0.17699543583187272     
   12.100000000000001       -5.8527572951230766       0.24596348341638274     
   12.200000000000001       -5.8220285495492945       0.30728745573781824     
   12.300000000000001       -5.7859973178268165       0.36031231722478163     
   12.400000000000000       -5.7455446395699212       0.40452678256894820     
   12.500000000000000       -5.7015881753557522       0.43956464214168550     
   12.600000000000001       -5.6550679392390704       0.46520236116682245     
   12.700000000000001       -5.6069326571241573       0.48135282114912664     
   12.800000000000001       -5.5581271244761714       0.48805532647985650     
   12.900000000000000       -5.5095808931987031       0.48546231277468044     
   13.000000000000000       -5.4621985424863402       0.47382350712362908     
   13.100000000000001       -5.4168516877948436       0.45346854691496219     
   13.200000000000001       -5.3743727657790972       0.42478922015746423     
   13.300000000000001       -5.3355505132911816       0.38822252487915920     
   13.400000000000000       -5.3011269472656002       0.34423566025581503     
   13.500000000000000       -5.2717955593505952       0.29331387915004747     
   13.600000000000001       -5.2482003709542244       0.23595188396370659     
   13.700000000000001       -5.2309354538573594       0.17264917096864624     
   13.800000000000001       -5.2205445085576034       0.10390945299755507     
   13.900000000000000       -5.2175201049414186        3.0244036161845025E-002
   14.000000000000000       -5.2223022249580513       -4.7821200166327807E-002
   14.100000000000001       -5.2352758024322785      -0.12973577474227538     
   14.200000000000001       -5.2567670301257285      -0.21491227693449916     
   14.300000000000001       -5.2870382994772864      -0.30271269351558222     
   14.400000000000000       -5.3262817563688811      -0.39243456891595097     
   14.500000000000000       -5.3746115993778867      -0.48329843009005896     
   14.600000000000001       -5.4320554164148689      -0.57443817036982125     
   14.700000000000001       -5.4985450484938330      -0.66489632078964522     
   14.800000000000001       -5.5739076757244703      -0.75362627230636969     
   14.900000000000000       -5.6578580208030607      -0.83950345078590061     
   15.000000000000000       -5.7499927285461920      -0.92134707743131539     
   15.100000000000001       -5.8497880658777062      -0.99795337331514467     
   15.200000000000001       -5.9566020505016839       -1.0681398462397758     
   15.300000000000001       -6.0696819197392378       -1.1307986923755349     
   15.400000000000000       -6.1881774750472047       -1.1849555530796720     
   15.500000000000000       -2.7974990451347104E-002  -1.2298282258372857     
   15.600000000000001      -0.15446287611769272       -1.2648788566634552     
   15.700000000000001      -0.28344817905220587       -1.2898530293451280     
   15.800000000000001      -0.41392820250942020       -1.3048002345721430     
   15.900000000000000      -0.54493544105697378       -1.3100723854755376     
   16.000000000000000      -0.67556543792610579       -1.3062999686913175     
   16.100000000000001      -0.80500028572637117       -1.2943484780026502     
   16.199999999999999      -0.93252631748702886       -1.2752603176065740     
   16.300000000000001       -1.0575452056036871       -1.2501888811665802     
   16.400000000000002       -1.1795783854520270       -1.2203317984833948     
   16.500000000000000       -1.2982653355186908       -1.1868695006666392     
   16.600000000000001       -1.4133566989414597       -1.1509136342276873     
   16.699999999999999       -1.5247034892154261       -1.1134679027396657     
   16.800000000000001       -1.6322436935933107       -1.0754020437788481     
   16.900000000000002       -1.7359875081018270       -1.0374381450851640     
   17.000000000000000       -1.8360022580556610       -1.0001474995383346     
   17.100000000000001       -1.9323978273686571      -0.96395569312995422     
   17.199999999999999       -2.0253131800465862      -0.92915352677929219     
   17.300000000000001       -2.1149043367931206      -0.89591156746534284     
   17.400000000000002       -2.2013339850991187      -0.86429648305998785     
   17.500000000000000       -2.2847627588150061      -0.83428773715887361     
   17.600000000000001       -2.3653421222344750      -0.80579363419468408     
   17.699999999999999       -2.4432087291612969      -0.77866606926822712     
   17.800000000000001       -2.5184800924128634      -0.75271363251565926     
   17.900000000000002       -2.5912513865379925      -0.72771294125129860     
   18.000000000000000       -2.6615932096026871      -0.70341823064695286     
   18.100000000000001       -2.7295501431776046      -0.67956933574917788     
   18.199999999999999       -2.7951399687506822      -0.65589825573078142     
   18.300000000000001       -2.8583534203723246      -0.63213451621642092     
   18.400000000000002       -2.9191543750228774      -0.60800954650553674     
   18.500000000000000       -2.9774804023132369      -0.58326027290360150     
   18.600000000000001       -3.0332436125969959      -0.55763210283758691     
   18.699999999999999       -3.0863317567225259      -0.53088144125529491     
   18.800000000000001       -3.1366095411450203      -0.50277784422494876     
   18.900000000000002       -3.1839201288615175      -0.47310587716497998     
   19.000000000000000       -3.2280867997387599      -0.44166670877242337     
   19.100000000000001       -3.2689147435601384      -0.40827943821377960     
   19.200000000000003       -3.3061929559635992      -0.37278212403461403     
   19.300000000000001       -3.3396962019556007      -0.33503245992001918     
   19.400000000000002       -3.3691870045674825      -0.29490802611881489     
   19.500000000000000       -3.3944176082719881      -0.25230603704505361     
   19.600000000000001       -3.4151318588771709      -0.20714250605182150     
   19.700000000000003       -3.4310669346881184      -0.15935075810946858     
   19.800000000000001       -3.4419548587189759      -0.10887924030857643     
   19.900000000000002       -3.4475237195911799       -5.5688608722035932E-002
   20.000000000000000       -3.4474985303987431        2.5189192437634345E-004
   20.100000000000001       -3.4416016611836238        5.8968692151201332E-002
   20.200000000000003       -3.4295527926962386       0.12048868487385761     
   20.300000000000001       -3.4110683578549690       0.18484434841269612     
   20.400000000000002       -3.3858604639682977       0.25207893886671112     
   20.500000000000000       -3.3536353248193134       0.32225139148984017     
   20.600000000000001       -3.3140912789923824       0.39544045826930341     
   20.700000000000003       -3.2669165316787314       0.47174747313650334     
   20.800000000000001       -3.2117868344679916       0.55129697210738959     
   20.900000000000002       -3.1483634145398547       0.63423419928137825     
   21.000000000000000       -3.0762915844319654       0.72071830107889878     
   21.100000000000001       -2.9952006085192533       0.81090975912712859     
   21.200000000000003       -2.9047055723204984       0.90495036198754386     
   21.300000000000001       -2.8044121902647330        1.0029338205576517     
   21.400000000000002       -2.6939256814570065        1.1048650880772670     
   21.500000000000000       -2.5728650103151072        1.2106067114189900     
   21.600000000000001       -2.4408838752731885        1.3198113504191893     
   21.700000000000003       -2.2976997486668740        1.4318412660631483     
   21.800000000000001       -2.1431319047955881        1.5456784387128506     
   21.900000000000002       -1.9771485757790366        1.6598332901655193     
   22.000000000000000       -1.7999220073423459        1.7722656843669000     
   22.100000000000001       -1.6118881838958838        1.8803382344646247     
   22.200000000000003       -1.4138054683289205        1.9808271556696364     
   22.300000000000001       -1.2068037711764470        2.0700169715247356     
   22.400000000000002      -0.99241391020601633        2.1438986097043045     
   22.500000000000000      -0.77256660790598364        2.1984730230003233     
   22.600000000000001      -0.54955309608219327        2.2301351182379077     
   22.700000000000003      -0.32594490767845041        2.2360818840374326     
   22.800000000000001      -0.10447830357240750        2.2146660410604304     
   22.900000000000002       -6.1711021070311505        2.1656150372084331     
   23.000000000000000       -5.9620960273383812        2.0900607969276912     
   23.100000000000001       -5.7630588349172589        1.9903719242112192     
   23.200000000000003       -5.5760758586345007        1.8698297628275853     
   23.300000000000001       -5.4028534962854078        1.7322236234909252     
   23.400000000000002       -5.2447087107277506        1.5814478555765730     
   23.500000000000000       -5.1025920665666913        1.4211664416105960     
   23.600000000000001       -4.9771339810386666        1.2545808552802498     
   23.700000000000003       -4.8687032745517280        1.0843070648693860     
   23.800000000000001       -4.7774686375502071       0.91234637001521224     
   23.900000000000002       -4.7034561680759390       0.74012469474268217     
   24.000000000000000       -4.6465987629023395       0.56857405173599718     
   24.100000000000001       -4.6067753194585244       0.39823443443814921     
   24.200000000000003       -4.5838392235500693       0.22936095908455054     
   24.300000000000001       -4.5776364847933122        6.2027387567575122E-002
   24.400000000000002       -4.5880142754957660      -0.10377790702453643     
   24.500000000000000       -4.6148206990876126      -0.26806423591846457     
   24.600000000000001       -4.6578965215877375      -0.43075822500125049     
   24.700000000000003       -4.7170594820118144      -0.59162960424077304     
   24.800000000000001       -4.7920817714556101      -0.75022289443795387     
   24.900000000000002       -4.8826614334673479      -0.90579662011737661     
   25.000000000000000       -4.9883888657771669       -1.0572743230981891     
   25.100000000000001       -5.1087103332567256       -1.2032146747955890     
   25.200000000000003       -5.2428914046787050       -1.3418107142197901     
   25.300000000000001       -5.3899843668729410       -1.4709296219423582     
   25.400000000000002       -5.5488046801752224       -1.5882031330228108     
   25.500000000000000       -5.7179220232859942       -1.6911734311077169     
   25.600000000000001       -5.8956709906583935       -1.7774896737239929     
   25.700000000000003       -6.0801847224733638       -1.8451373181496986     
   25.800000000000001       -6.2694516605381532       -1.8926693806478947     
   25.900000000000002      -0.17820639924656589       -1.9194004588799938     
   26.000000000000000      -0.37075893088103751       -1.9255253163447186     
   26.100000000000001      -0.56197251950173399       -1.9121358862069648     
   26.200000000000003      -0.75008563301035114       -1.8811311350861675     
   26.300000000000001      -0.93358932546418050       -1.8350369245382940     
   26.400000000000002       -1.1112663613375382       -1.7767703587335741     
   26.500000000000000       -1.2822053676093192       -1.7093900627178082     
   26.600000000000001       -1.4457923444113279       -1.6358697680200898     
   26.700000000000003       -1.6016844268198751       -1.5589208240854697     
   26.800000000000001       -1.7497719144857715       -1.4808748766589703     
   26.900000000000002       -1.8901344522076453       -1.4036253772187330     
   27.000000000000000       -2.0229962758670830       -1.3286182365943819     
   27.100000000000001       -2.1486840940183249       -1.2568781815124261     
   27.200000000000003       -2.2675898190246428       -1.1890572500631824     
   27.300000000000001       -2.3801392122412004       -1.1254939321655777     
   27.400000000000002       -2.4867666543578135       -1.0662744211661397     
   27.500000000000000       -2.5878956938204443       -1.0112903946263101     
   27.600000000000001       -2.6839247147878176      -0.96029020967373446     
   27.700000000000003       -2.7752169369787509      -0.91292222190932837     
   27.800000000000001       -2.8620939516634589      -0.86877014684707698     
   27.900000000000002       -2.9448320611685670      -0.82738109505108470     
   28.000000000000000       -3.0236607873787147      -0.78828726210148403     
   28.100000000000001       -3.0987630237428050      -0.75102236364089725     
   28.200000000000003       -3.1702764106115779      -0.71513386868773310     
   28.300000000000001       -3.2382956074533720      -0.68019196841794427     
   28.400000000000002       -3.3028752141616842      -0.64579606708311310     
   28.500000000000000       -3.3640331565588255      -0.61157942397141452     
   28.600000000000001       -3.4217543991544517      -0.57721242595625444     
   28.700000000000003       -3.4759948828890010      -0.54240483734549172     
   28.800000000000001       -3.5266856089945371      -0.50690726105536854     
   28.900000000000002       -3.5737368043579387      -0.47051195363402420     
   29.000000000000000       -3.6170421109584581      -0.43305306600519877     
   29.100000000000001       -3.6564827440484411      -0.39440633089983745     
   29.200000000000003       -3.6919315625737958      -0.35448818525355497     
   29.300000000000001       -3.7232569925242629      -0.31325429950467620     
   29.400000000000002       -3.7503267408812402      -0.27069748356977225     
   29.500000000000000       -3.7730112357679548      -0.22684494886715409     
   29.600000000000001       -3.7911867282123914      -0.18175492444435734     
   29.700000000000003       -3.8047379932372056      -0.13551265024814940     
   29.800000000000001       -3.8135605731422757       -8.8225799050697482E-002
   29.900000000000002       -3.8175625139271645       -4.0019407848883581E-002
   30.000000000000000       -3.8166655566582541        8.9695726891018956E-003
   30.100000000000001       -3.8108057588685522        5.8597977897015222E-002
   30.200000000000003       -3.7999335362944571       0.10872222574095786     
   30.300000000000001       -3.7840131318253256       0.15920404469132293     
   30.400000000000002       -3.7630215358664980       0.20991595958827536     
   30.500000000000000       -3.7369468998273820       0.26074636039116139     
   30.600000000000001       -3.7057865016666423       0.31160398160739822     
   30.700000000000003       -3.6695443390194313       0.36242162647210313     
   30.800000000000001       -3.6282284412399459       0.41315897779485367     
   30.900000000000002       -3.5818480067682028       0.46380434471743148     
   31.000000000000000       -3.5304104868455415       0.51437519922661790     
   31.100000000000001       -3.4739187512423175       0.56491735603224547     
   31.200000000000003       -3.4123684869766322       0.61550264265684651     
   31.300000000000001       -3.3457459977346673       0.66622489241964977     
   31.400000000000002       -3.2740265905406325       0.71719407194035478     
   31.500000000000000       -3.1971737575977635       0.76852832942869576     
   31.600000000000001       -3.1151393850048148       0.82034372592948845     
   31.700000000000003       -3.0278652451596706       0.87274139845143728     
   31.800000000000001       -2.9352860535319998       0.92579191627671364     
   31.900000000000002       -2.8373343884669886       0.97951665065010940     
   32.000000000000000       -2.7339477773670797        1.0338661109990805     
   32.100000000000001       -2.6250782332653522        1.0886954410172804     
   32.200000000000003       -2.5107044681966109        1.1437376506874122     
   32.300000000000004       -2.3908468966528336        1.1985757154377696     
   32.399999999999999       -2.2655853554616403        1.2526154119119308     
   32.500000000000000       -2.1350791901748956        1.3050616528674504     
   32.600000000000001       -1.9995889863183667        1.3549020385652886     
   32.700000000000003       -1.8594987686245243        1.4009021769384193     
   32.800000000000004       -1.7153369927220767        1.4416177590244803     
   32.899999999999999       -1.5677941874375287        1.4754280528454771     
   33.000000000000000       -1.4177347831928628        1.5005940424466573     
   33.100000000000001       -1.2662006158138537        1.5153416737900940     
   33.200000000000003       -1.1144039479543180        1.5179666785953554     
   33.300000000000004      -0.96370866793892418        1.5069528001539416     
   33.399999999999999      -0.81559956897292096        1.4810909896600335     
   33.500000000000000      -0.67164110985058922        1.4395845912233181     
   33.600000000000001      -0.53342852700499410        1.3821258284559501     
   33.700000000000003      -0.40253527753610996        1.3089324946888377     
   33.800000000000004      -0.28046127199586302        1.2207400554024703     
   33.899999999999999      -0.16858608532286112        1.1187518667300203     
   34.000000000000000       -6.8130392033070919E-002   1.0045569328979036     
   34.100000000000001       -6.2633128097346100       0.88002889478046797     
   34.200000000000003       -6.1885907136977538       0.74722096036855945     
   34.300000000000004       -6.1277637642173719       0.60826949480381687     
   34.399999999999999       -6.0812322645553314       0.46531499662040210     
   34.500000000000000       -6.0491878153512930       0.32044449204038722     
   34.600000000000001       -6.0316223058210854       0.17565509530207324     
   34.700000000000003       -6.0283387764846283        3.2835293364567406E-002
   34.800000000000004       -6.0389629115878378      -0.10624135103209688     
   34.899999999999999       -6.0629545131551152      -0.23991601567277354     
   35.000000000000000       -6.0996188669805296      -0.36664353825413915     
   35.100000000000001       -6.1481183622831326      -0.48499495302603374     
   35.200000000000003       -6.2074850228249012      -0.59366660541768668     
   35.300000000000004       -6.2766347189892100      -0.69149696164308461     
   35.399999999999999       -7.1198440484782743E-002 -0.77749028675158860     
   35.500000000000000      -0.15628289492654801      -0.85084454441765156     
   35.600000000000001      -0.24738083880445227      -0.91097943877904219     
   35.700000000000003      -0.34313681307995303      -0.95755974275501199     
   35.800000000000004      -0.44218772733751877      -0.99050914257565781     
   35.899999999999999      -0.54318881036771405       -1.0100108303019559     
   36.000000000000000      -0.64483809515691171       -1.0164928478919741     
   36.100000000000001      -0.74589793381555669       -1.0105983865864512     
   36.200000000000003      -0.84521227562993939      -0.99314341814382412     
   36.300000000000004      -0.94171884918095117      -0.96506573551011710     
   36.399999999999999       -1.0344558893557965      -0.92737040174845264     
   36.500000000000000       -1.1225635543588224      -0.88107665003026059     
   36.600000000000001       -1.2052806101667928      -0.82717055807970730     
   36.700000000000003       -1.2819372700684344      -0.76656659901641944     
   36.800000000000004       -1.3519452461778982      -0.70007976109463699     
   36.899999999999999       -1.4147861072323824      -0.62840861054483854     
   37.000000000000000       -1.4699989706548777      -0.55212863422494884     
   37.100000000000001       -1.5171684233596148      -0.47169452704736992     
   37.200000000000003       -1.5559134012565448      -0.38744977896929800     
   37.300000000000004       -1.5858775917677477      -0.29964190511202676     
   37.399999999999999       -1.6067217778833180      -0.20844186115570529     
   37.500000000000000       -1.6181184281904315      -0.11396650307113611     
   37.600000000000001       -1.6197487587268293       -1.6303305363976055E-002
   37.700000000000003       -1.6113024467919068        8.4463119349223473E-002
   37.800000000000004       -1.5924801561905859       0.18822290601320668     
   37.899999999999999       -1.5629990255870210       0.29481130603564609     
   38.000000000000000       -1.5226012603270727       0.40397765259948215     
   38.100000000000001       -1.4710659326478268       0.51535327679245624     
   38.200000000000003       -1.4082240110713276       0.62841921576499005     
   38.300000000000004       -1.3339764799023550       0.74247531168972880     
   38.400000000000006       -1.2483151482347656       0.85661331667589680     
   38.500000000000000       -1.1513453671396361       0.96969781095129470     
   38.600000000000001       -1.0433093755901117        1.0803599154952397     
   38.700000000000003      -0.92460841560621354        1.1870095998389829     
   38.800000000000004      -0.79582117778661399        1.2878723781959942     
   38.900000000000006      -0.65771569577263556        1.3810548201397843     
   39.000000000000000      -0.51125167974046448        1.4646401603217098     
   39.100000000000001      -0.35757064567436370        1.5368103406610076     
   39.200000000000003      -0.19797217856833260        1.5959846710603087     
   39.300000000000004       -3.3876246623110617E-002   1.6409593194522167     
   39.400000000000006       -6.1499587602553758        1.6710279354732125     
   39.500000000000000       -5.9813523925027745        1.6860636775260096     
   39.600000000000001       -5.8126976295993105        1.6865476290346428     
   39.700000000000003       -5.6453438909399463        1.6735373865936429     
   39.800000000000004       -5.4804858634719134        1.6485802746803306     
   39.900000000000006       -5.3191273420454879        1.6135852142642531     
   40.000000000000000       -5.1620600239528542        1.5706731809263408     
   40.100000000000001       -5.0098572994844393        1.5220272446841510     
   40.200000000000003       -4.8628813138767075        1.4697598560773188     
   40.300000000000004       -4.7213004142762820        1.4158089960042577     
   40.400000000000006       -4.5851136073970231        1.3618680687925884     
   40.500000000000000       -4.4541787438957847        1.3093486350123882     
   40.600000000000001       -4.3282416297435606        1.2593711415222448     
   40.700000000000003       -4.2069639440791002        1.2127768566446042     
   40.800000000000004       -4.0899485535545805        1.1701539052451964     
   40.900000000000006       -3.9767614472607251        1.1318710629385560     
   41.000000000000000       -3.8669500205040226        1.0981142675670248     
   41.100000000000001       -3.7600577977459437        1.0689222275807868     
   41.200000000000003       -3.6556359179839046        1.0442187976203900     
   41.300000000000004       -3.5532518346716575        1.0238408331224726     
   41.400000000000006       -3.4524957343814577        1.0075610029019968     
   41.500000000000000       -3.3529851784743627       0.99510555907095011     
   41.600000000000001       -3.2543684396949817       0.98616738779381174     
   41.700000000000003       -3.1563269550278394       0.98041484667142154     
   41.800000000000004       -3.0585772566744720       0.97749698353367642     
   41.900000000000006       -2.9608726800826437       0.97704576591828329     
   42.000000000000000       -2.8630050841771366       0.97867595905506977     
   42.100000000000001       -2.7648067549804529       0.98198329196683531     
   42.200000000000003       -2.6661525992291386       0.98654155751314465     
   42.300000000000004       -2.5669626685181268       0.99189930711011753     
   42.400000000000006       -2.4672049862585923       0.99757682259534519     
   42.500000000000000       -2.3668985793769495        1.0030640688164263     
   42.600000000000001       -2.2661165455246524        1.0078203385229723     
   42.700000000000003       -2.1649889175726522        1.0112762795200019     
   42.800000000000004       -2.0637050251648046        1.0128389240784781     
   42.900000000000006       -1.9625150047270681        1.0119002043773642     
   43.000000000000000       -1.8617300824890579        1.0078492223801028     
   43.100000000000001       -1.7617212579659542        1.0000882452310358     
   43.200000000000003       -1.6629160549451312       0.98805203020822963     
   43.300000000000004       -1.5657930872529973       0.97122967692133977     
   43.400000000000006       -1.4708743065387533       0.94918780714243856     
   43.500000000000000       -1.3787149519984068       0.92159354540346528     
   43.600000000000001       -1.2898913940526200       0.88823557945786846     
   43.700000000000003       -1.2049872370448020       0.84904157007817849     
   43.800000000000004       -1.1245781991169927       0.80409037927809357     
   43.900000000000006       -1.0492164007869718       0.75361798330021079     
   44.000000000000000      -0.97941475260675204       0.69801648180219722     
   44.100000000000001      -0.91563212981118147       0.63782622795570587     
   44.200000000000003      -0.85825996051553421       0.57372169295647246     
   44.300000000000004      -0.80761074475563732       0.50649215759896893     
   44.400000000000006      -0.76390888137941948       0.43701863376217831     
   44.500000000000000      -0.72728402767740652       0.36624853702012961     
   44.600000000000001      -0.69776707043756547       0.29516957239841002     
   44.700000000000003      -0.67528866028007473       0.22478410157490775     
   44.800000000000004      -0.65968016132622420       0.15608498953850525     
   44.900000000000006      -0.65067679732254857        9.0033640036756166E-002
   45.000000000000000      -0.64792273046343030        2.7540668591183093E-002
   45.100000000000001      -0.65097778470536272       -3.0550542419323701E-002
   45.200000000000003      -0.65932551487311830       -8.3477301677556390E-002
   45.300000000000004      -0.67238232067068293      -0.13056805797564608     
   45.400000000000006      -0.68950730707590768      -0.17124986405224790     
   45.500000000000000      -0.71001259806549244      -0.20505290989584804     
   45.600000000000001      -0.73317381980752605      -0.23161221742033597     
   45.700000000000003      -0.75824048437246183      -0.25066664564935781     
   45.800000000000004      -0.78444602808892094      -0.26205543716459112     
   45.900000000000006      -0.81101729183916538      -0.26571263750244412     
   46.000000000000000      -0.83718327453102692      -0.26165982691861545     
   46.100000000000001      -0.86218304473216878      -0.24999770201141860     
   46.200000000000003      -0.88527275639536795      -0.23089711663199125     
   46.300000000000004      -0.90573177882874489      -0.20459022433376942     
   46.400000000000006      -0.92286801393839946      -0.17136235109654530     
   46.500000000000000      -0.93602253057446883      -0.13154516636069358     
   46.600000000000001      -0.94457369228945154       -8.5511617149826857E-002
   46.700000000000003      -0.94794098752021294       -3.3672952307614371E-002
   46.800000000000004      -0.94558878758653608        2.3521999336768386E-002
   46.900000000000006      -0.93703025619592306        8.5585313906130570E-002
   47.000000000000000      -0.92183161312249695       0.15198643073426130     
   47.100000000000001      -0.89961691342374039       0.22214699698756546     
   47.200000000000003      -0.87007344115697605       0.29543472266764398     
   47.300000000000004      -0.83295773254071448       0.37115708616261522     
   47.400000000000006      -0.78810213818330344       0.44855594357411033     
   47.500000000000000      -0.73542170945623575       0.52680428727067707     
   47.600000000000001      -0.67492105548341463       0.60500653972821150     
   47.700000000000003      -0.60670067422296448       0.68220381260450202     
   47.800000000000004      -0.53096212905141371       0.75738545171550786     
   47.900000000000006      -0.44801134228491407       0.82950786766499651     
   48.000000000000000      -0.35825923474061272       0.89752107544301341     
   48.100000000000001      -0.26221898198428623       0.96040252756326494     
   48.200000000000003      -0.16049930420373554        1.0171967778055067     
   48.300000000000004       -5.3793465691378287E-002   1.0670583851235724     
   48.400000000000006        5.7135980227444025E-002   1.1092944591882230     
   48.500000000000000       0.17147624005447132        1.1434025982702727     
   48.600000000000001       0.28838622947483755        1.1690998942036623     
   48.700000000000003       0.40702015981452744        1.1863393033968985     
   48.800000000000004       0.52655125799877123        1.1953109818424383     
   48.900000000000006       0.64619405410435238        1.1964279610558111     
   49.000000000000000       0.76522380149437019        1.1902974739001779     
   49.100000000000001       0.88299189653178278        1.1776809503741261     
   49.200000000000003       0.99893658417826647        1.1594468764648369     
   49.300000000000004        1.1125887008946009        1.1365211671633455     
   49.400000000000006        1.2235726453976001        1.1098394450299920     
   49.500000000000000        1.3316031241480186        1.0803047875041856     
   49.600000000000001        1.4364784589428345        1.0487533479481588     
   49.700000000000003        1.5380713609710099        1.0159290202817544     
   49.800000000000004        1.6363180821855763       0.98246721214566324     
   49.900000000000006        1.7312067767657877       0.94888694580211419     
   50.000000000000000        1.8227657734558786       0.91558996690090910     
   50.100000000000001        1.9110523026056079       0.88286529149729187     
   50.200000000000003        1.9961420630561091       0.85089760450501184     
   50.300000000000004        2.0781198696625696       0.81977806606460479     
   50.400000000000006        2.1570715013365942       0.78951631674024803     
   50.500000000000000        2.2330767754887608       0.76005274152166591     
   50.600000000000001        2.3062038071137003       0.73127031624939698     
   50.700000000000003        2.3765043665042995       0.70300559390599060     
   50.800000000000004        2.4440102245471236       0.67505858042823963     
   50.900000000000006        2.5087303642877767       0.64720139740653337     
   51.000000000000000        2.5706489377754824       0.61918573487705686     
   51.100000000000001        2.6297238544644208       0.59074916688938450     
   51.200000000000003        2.6858858986856062       0.56162044221185625     
   51.300000000000004        2.7390382865793761       0.53152387893769792     
   51.400000000000006        2.7890565856575011       0.50018299078125139     
   51.500000000000000        2.8357889316174059       0.46732345959904675     
   51.600000000000001        2.8790564863609887       0.43267554743582742     
   51.700000000000003        2.9186540879431142       0.39597601582125386     
   51.800000000000004        2.9543510472710190       0.35696959327904942     
   51.900000000000006        2.9858920479594633       0.31541000688444326     
   52.000000000000000        3.0129981052461332       0.27106057286669899     
   52.100000000000001        3.0353675379748206       0.22369432728687433     
   52.200000000000003        3.0526769053092409       0.17309367334420370     
   52.300000000000004        3.0645818582707922       0.11904952961551203     
   52.400000000000006        3.0707178569177760        6.1359986469839242E-002
   52.500000000000000        3.0707007088508682       -1.7148066907753806E-004
   52.600000000000001        3.0641268959701353       -6.5738128807329169E-002
   52.700000000000003        3.0505736767007527      -0.13553219269382466     
   52.800000000000004        3.0295989834524799      -0.20974693248272874     
   52.900000000000006        3.0007411836861331      -0.28857799766346742     
   53.000000000000000        2.9635188420588485      -0.37222341627284705     
   53.100000000000001        2.9174307156641546      -0.46088126394693779     
   53.200000000000003        2.8619563394830259      -0.55474376181128848     
   53.300000000000004        2.7965577192072022      -0.65398620275823593     
   53.400000000000006        2.7206828455115413      -0.75874873695661127     
   53.500000000000000        2.6337719739882059      -0.86910871523335298     
   53.600000000000001        2.5352678640047022      -0.98504109983503874     
   53.700000000000003        2.4246314051745039       -1.1063645883019817     
   53.800000000000004        2.3013642211533383       -1.2326718402116583     
   53.900000000000006        2.1650398271653177       -1.3632439398802036     
   54.000000000000000        2.0153445837704504       -1.4969524339486731     
   54.100000000000001        1.8521288485116327       -1.6321573525881778     
   54.200000000000003        1.6754671877335183       -1.7666166077811429     
   54.300000000000004        1.4857241587347350       -1.8974302899878341     
   54.400000000000006        1.2836191089078208       -2.0210504982691400     
   54.500000000000000        1.0702801509076951       -2.1333895800012561     
   54.600000000000001       0.84727494834300909       -2.2300520256468603     
   54.700000000000003       0.61660557556353324       -2.3066937277947588     
   54.800000000000004       0.38065783520635377       -2.3594774035717943     
   54.900000000000006       0.14210251916407382       -2.3855531604227993     
   55.000000000000000       -9.6243941579777087E-002  -2.3834646074385089     
   55.100000000000001      -0.33158202857811991       -2.3533808699834280     
   55.200000000000003      -0.56129111250630914       -2.2970908392818923     
   55.300000000000004      -0.78306689791759410       -2.2177578541128495     
   55.400000000000006      -0.99501651068474817       -2.1194961276715403     
   55.500000000000000       -1.1957034208521218       -2.0068691016737361     
   55.600000000000001       -1.3841446747958495       -1.8844125394372775     
   55.700000000000003       -1.5597704331881082       -1.7562575839225860     
   55.800000000000004       -1.7223592625293058       -1.6258882934119776     
   55.900000000000006       -1.8719623929491467       -1.4960313041984081     
   56.000000000000000       -2.0088275713401829       -1.3686517839103634     
   56.100000000000001       -2.1333296652305083       -1.2450209389032556     
   56.200000000000003       -2.2459118787423349       -1.1258221351182669     
   56.300000000000004       -2.3470388768096591       -1.0112699806732419     
   56.400000000000006       -2.4371614103587032      -0.90122533549043971     
   56.500000000000000       -2.5166910855112370      -0.79529675152533630     
   56.600000000000001       -2.5859835247181864      -0.69292439206949175     
   56.700000000000003       -2.6453281277877836      -0.59344603069597113     
   56.800000000000004       -2.6949427975556941      -0.49614669767910413     
   56.900000000000006       -2.7349722394833638      -0.40029441927669879     
   57.000000000000000       -2.7654887106810078      -0.30516471197644063     
   57.100000000000001       -2.7864943472084449      -0.21005636527437210     
   57.200000000000003       -2.7979244253087807      -0.11430078100335830     
   57.300000000000004       -2.7996511113385445       -1.7266860297639811E-002
   57.400000000000006       -2.7914874323681147        8.1636789704297219E-002
   57.500000000000000       -2.7731913639291563       0.18296068438958407     
   57.600000000000001       -2.7444700936256972       0.28721270303459134     
   57.700000000000003       -2.7049846895837648       0.39485404041932293     
   57.800000000000004       -2.6543555898152955       0.50629099768469232     
   57.900000000000006       -2.5921695381264693       0.62186051688826249     
   58.000000000000000       -2.5179888237841177       0.74180714342351484     
   58.100000000000001       -2.4313639247954457       0.86624898988672094     
   58.200000000000003       -2.3318508801480435       0.99513044647402282     
   58.300000000000004       -2.2190348704213139        1.1281600972672972     
   58.400000000000006       -2.0925614788842894        1.2647339153702435     
   58.500000000000000       -1.9521768046970973        1.4038467418719214     
   58.600000000000001       -1.7977768378728212        1.5439996682427606     
   58.700000000000003       -1.6294651083428042        1.6831172953001683     
   58.800000000000004       -1.4476154814561264        1.8184962688667776     
   58.900000000000006       -1.2529341706780310        1.9468131077809532     
   59.000000000000000       -1.0465119964309528        2.0642217424707816     
   59.100000000000001      -0.82985550684447029        2.1665648958648251     
   59.200000000000003      -0.60488503827201079        2.2497046857245944     
   59.300000000000004      -0.37389037274704806        2.3099466552496275     
   59.400000000000006      -0.13944089163490123        2.3444948111214683     
   59.500000000000000        9.5743831413589664E-002   2.3518472304849087     
   59.600000000000001       0.32894766190690594        2.3320383049331630     
   59.700000000000003       0.55761395567220728        2.2866629376530132     
   59.800000000000004       0.77948124254677342        2.2186728687456618     
   59.900000000000006       0.99268071066281094        2.1319946811603749     
   60.000000000000000        1.1957866247820836        2.0310591411927277     
   60.100000000000001        1.3878205427974555        1.9203391801537188     
   60.200000000000003        1.5682177540084601        1.8039721121100465     
   60.300000000000004        1.7367682623069471        1.6855050829848712     
   60.400000000000006        1.8935449878436870        1.5677672553673976     
   60.500000000000000        2.0388297802574566        1.4528479241376975     
   60.600000000000001        2.1730446822407243        1.3421490198326789     
   60.700000000000003        2.2966927236335746        1.2364804139285008     
   60.800000000000004        2.4103099647385537        1.1361724110497935     
   60.900000000000006        2.5144287371188447        1.0411877238029121     
   61.000000000000000        2.6095509902923535       0.95122253173508708     
   61.100000000000001        2.6961301720438078       0.86579181751454459     
   61.200000000000003        2.7745599610456195       0.78429789001811689     
   61.300000000000004        2.8451682761334962       0.70608315087876639     
   61.400000000000006        2.9082151942535228       0.63046918120026763     
   61.500000000000000        2.9638936470854489       0.55678452831925906     
   61.600000000000001        3.0123319943240277       0.48438347238578894     
   61.700000000000003        3.0535977705399588       0.41265776215931249     
   61.800000000000004        3.0877020665469757       0.34104296007016716     
   61.900000000000006        3.1146041367146720       0.26902070167696346     
   62.000000000000000        3.1342159257479087       0.19611789033237009     
   62.100000000000001        3.1464062885870820       0.12190362839173484     
   62.200000000000003        3.1510047420119207        4.5984534248384612E-002
   62.300000000000004        3.1478046427376207       -3.2000992743000299E-002
   62.400000000000006        3.1365657403633405      -0.11238902374280134     
   62.500000000000000        3.1170161102357512      -0.19549630127589118     
   62.600000000000001        3.0888535367375152      -0.28162573498235927     
   62.700000000000003        3.0517464973283839      -0.37107039409131271     
   62.800000000000004        3.0053349975576245      -0.46411499770759440     
   62.900000000000006        2.9492316328278796      -0.56103364729745020     
   63.000000000000000        2.8830234087714266      -0.66208224056452936     
   63.100000000000001        2.8062750413727175      -0.76748367398709105     
   63.200000000000003        2.7185346782626572      -0.87740363110060582     
   63.300000000000004        2.6193432224296913      -0.99191455832966002     
   63.400000000000006        2.5082486713380461       -1.1109455109164523     
   63.500000000000000        2.3848270551910176       -1.2342161614702873     
   63.600000000000001        2.2487115791070140       -1.3611547608400376     
   63.700000000000003        2.0996313127897497       -1.4908026631726425     
   63.800000000000004        1.9374600542631166       -1.6217125852663312     
   63.900000000000006        1.7622746337652639       -1.7518542049785275     
   64.000000000000000        1.5744197871943042       -1.8785484657095974     
   64.100000000000009        1.3745738600599320       -1.9984592713437233     
   64.200000000000003        1.1638063852840794       -2.1076747477585256     
   64.299999999999997       0.94361586160281929       -2.2019052368126011     
   64.400000000000006       0.71593512379729840       -2.2768073780552092     
   64.500000000000000       0.48309389361452204       -2.3284123018277634     
   64.600000000000009       0.24773414994381526       -2.3535974367070676     
   64.700000000000003        1.2683160635947682E-002  -2.3505098930786756     
   64.799999999999997      -0.21920103506147479       -2.3188419569742247     
   64.900000000000006      -0.44518964284044904       -2.2598860777897425     
   65.000000000000000      -0.66282486407762753       -2.1763522123717847     
   65.100000000000009      -0.87002419165376110       -2.0719932757613360     
   65.200000000000003       -1.0651371089655006       -1.9511291731173945     
   65.299999999999997       -1.2469542141863672       -1.8181710522086665     
   65.400000000000006       -1.4146768992523517       -1.6772268506598462     
   65.500000000000000       -1.5678600595742618       -1.5318316032191006     
   65.600000000000009       -1.7063409032599477       -1.3848084368568592     
   65.700000000000003       -1.8301648954961878       -1.2382399223624014     
   65.799999999999997       -1.9395166427947088       -1.0935174729852093     
   65.900000000000006       -2.0346602404266307      -0.95143597631922006     
   66.000000000000000       -2.1158909307186433      -0.81230690292012375     
   66.100000000000009       -2.1834980705668015      -0.67607139848158126     
   66.200000000000003       -2.2377383293518656      -0.54240258785064055     
   66.299999999999997       -2.2788175582875194      -0.41079228935653883     
   66.400000000000006       -2.3068796954560846      -0.28062137168565343     
   66.500000000000000       -2.3220012356915571      -0.15121540235472658     
   66.600000000000009       -2.3241900861432780       -2.1888504517207981E-002
   66.700000000000003       -2.3133879747294417       0.10802111413836539     
   66.799999999999997       -2.2894759394124184       0.23912035317023395     
   66.900000000000006       -2.2522827803574006       0.37193159055017855     
   67.000000000000000       -2.2015966918432857       0.50686088514114735     
   67.100000000000009       -2.1371805918770512       0.64416099966234563     
   67.200000000000003       -2.0587919097199583       0.78388682157093137     
   67.299999999999997       -1.9662077308535750       0.92584178866383260     
   67.400000000000006       -1.8592561656062532        1.0695156524732190     
   67.500000000000000       -1.7378545048135454        1.2140166079270776     
   67.600000000000009       -1.6020540387080036        1.3580046610554191     
   67.700000000000003       -1.4520902401173432        1.4996379859066042     
   67.799999999999997       -1.2884353147567660        1.6365492536057724     
   67.900000000000006       -1.1118480186405351        1.7658729611623083     
   68.000000000000000      -0.92341350116505561        1.8843451747547941     
   68.100000000000009      -0.72456441130664795        1.9884908985840763     
   68.200000000000003      -0.51707447219323588        2.0748993911341209     
   68.299999999999997      -0.30301798087896181        2.1405649131427404     
   68.400000000000006       -8.4693492604332232E-002   2.1832448827462958     
   68.500000000000000       0.13548338397497639        2.2017687657930862     
   68.600000000000009       0.35510633259187196        2.1962294861689560     
   68.700000000000003       0.57190731059634614        2.1680097800447413     
   68.799999999999997       0.78387072089569476        2.1196341029934862     
   68.900000000000006       0.98931860945731576        2.0544788856162102     
   69.000000000000000        1.1869590446379710        1.9764043518065511     
   69.100000000000009        1.3758970483858857        1.8893800374791465     
   69.200000000000003        1.5556134542823945        1.7971640589650879     
   69.299999999999997        1.7259206178606969        1.7030716357830242     
   69.400000000000006        1.8869048348776685        1.6098421701697143     
   69.500000000000000        2.0388642554151528        1.5195942053748441     
   69.600000000000009        2.1822489372394562        1.4338468182430335     
   69.700000000000003        2.3176072844618436        1.3535834722238740     
   69.799999999999997        2.4455410050977275        1.2793372063588389     
   69.900000000000006        2.5666691358241822        1.2112813072645461     
   70.000000000000000        2.6816006521603843        1.1493151633620216     
   70.100000000000009        2.7909146197718750        1.0931396761149050     
   70.200000000000003        2.8951466205854866        1.0423200081361170     
   70.299999999999997        2.9947801845267192       0.99633563941232561     
   70.400000000000006        3.0902420777338029       0.95461893207083459     
   70.500000000000000        3.1819004736408139       0.91658395907011136     
   70.600000000000009        3.2700652217682524       0.88164748127438364     
   70.700000000000003        3.3549896063078051       0.84924384539552522     
   70.799999999999997        3.4368731409426037       0.81883534634798749     
   70.900000000000006        3.5158650737364412       0.78991932793837327     
   71.000000000000000        3.5920683765597845       0.76203302823343477     
   71.100000000000009        3.6655440697227029       0.73475693162918232     
   71.200000000000003        3.7363157874323121       0.70771717709609394     
   71.299999999999997        3.8043745267365150       0.68058739304203031     
   71.400000000000006        3.8696835449707607       0.65309018234245808     
   71.500000000000000        3.9321833813621732       0.62499836391412467     
   71.600000000000009        3.9917969800905975       0.59613598728424166     
   71.700000000000003        4.0484348872660405       0.56637907175443480     
   71.799999999999997        4.1020004852705529       0.53565598004512460     
   71.900000000000006        4.1523952168522964       0.50394731581743391     
   72.000000000000000        4.1995237401562928       0.47128523303996783     
   72.100000000000009        4.2432989461728603       0.43775206016567303     
   72.200000000000003        4.2836467632044615       0.40347817031601585     
   72.299999999999997        4.3205106698467608       0.36863906642299327     
   72.400000000000006        4.3538558391963305       0.33345169349569231     
   72.500000000000000        4.3836728426684752       0.29817003472144393     
   72.600000000000009        4.4099808516763144       0.26308009007838984     
   72.700000000000003        4.4328302888910551       0.22849437214741036     
   72.799999999999997        4.4523048970149786       0.19474608123923376     
   72.900000000000006        4.4685232109201563       0.16218313905177559     
   73.000000000000000        4.4816394375208013       0.13116226600644598     
   73.100000000000009        4.4918437657395502       0.10204328218748769     
   73.200000000000003        4.4993621453543362        7.5183796147855683E-002
   73.299999999999997        4.5044555874569099        5.0934421025739418E-002
   73.400000000000006        4.5074190499672975        2.9634625103875628E-002
   73.500000000000000        4.5085799785716159        1.1609286043186395E-002
   73.600000000000009        4.5082965762258853       -2.8340234573065726E-003
   73.700000000000003        4.5069558728378762       -1.3407033880086544E-002
   73.799999999999997        4.5049716609336130       -1.9842119042631834E-002
   73.900000000000006        4.5027823532330933       -2.1893077005194148E-002
   74.000000000000000        4.5008488044357708       -1.9335487973220461E-002
   74.100000000000009        4.4996521225819839       -1.1966818537866436E-002
   74.200000000000003        4.4996914755960642        3.9353014079901438E-004
   74.299999999999997        4.5014818765224485        1.7904009263841919E-002
   74.400000000000006        4.5055519070013679        4.0700304789196382E-002
   74.500000000000000        4.5124413131127863        6.8894061114180588E-002
   74.600000000000009        4.5226983812312556       0.10257068118468847     
   74.700000000000003        4.5368769743947333       0.14178593163477360     
   74.799999999999997        4.5555330824673108       0.18656108072577918     
   74.900000000000006        4.5792207130024938       0.23687630535183177     
   75.000000000000000        4.6084869257881884       0.29266212785694862     
   75.100000000000009        4.6438657952385993       0.35378869450411288     
   75.200000000000003        4.6858710752927362       0.42005280054136540     
   75.299999999999997        4.7349873475154176       0.49116272222681173     
   75.400000000000006        4.7916594633120830       0.56672115796665545     
   75.500000000000000        4.8562801566395430       0.64620693327460299     
   75.600000000000009        4.9291758171742064       0.72895660534663531     
   75.700000000000003        5.0105905884008282       0.81414771226622007     
   75.799999999999997        5.1006691998258802       0.90078611425051802     
   75.900000000000006        5.1994392579299360       0.98770058104055580     
   76.000000000000000        5.3067940910422058        1.0735483311226957     
   76.100000000000009        5.4224776302294337        1.1568353918722769     
   76.200000000000003        5.5460731445831062        1.2359551435367224     
   76.299999999999997        5.6769978418449840        1.3092469726187743     
   76.400000000000006        5.8145052882119366        1.3750744636695211     
   76.500000000000000        5.9576972027501434        1.4319191453820719     
   76.600000000000009        6.1055454021753857        1.4784819942524252     
   76.700000000000003        6.2569235590818248        1.5137815690643932     
   76.800000000000011       0.12746183816678691        1.5372358626454854     
   76.900000000000006       0.28233339799351675        1.5487155982672960     
   77.000000000000000       0.43718940523159500        1.5485600723807793     
   77.100000000000009       0.59094462804562742        1.5375522281403200     
   77.200000000000003       0.74263024315146087        1.5168561510583323     
   77.300000000000011       0.89142284108601544        1.4879259793455424     
   77.400000000000006        1.0366627334681526        1.4523989238213719     
   77.500000000000000        1.1778613346585773        1.4119860119042462     
   77.600000000000009        1.3146985830529285        1.3683724839435156     
   77.700000000000003        1.4470122148736548        1.3231363182072622     
   77.800000000000011        1.5747811397463973        1.2776892487274258     
   77.900000000000006        1.6981052246064294        1.2332408486003172     
   78.000000000000000        1.8171835647123480        1.1907834010591793     
   78.100000000000009        1.9322929234496957        1.1510935873734831     
   78.200000000000003        2.0437675620253035        1.1147463857560833     
   78.300000000000011        2.1519812349427649        1.0821367291746100     
   78.400000000000006        2.2573317449792238        1.0535051003645883     
   78.500000000000000        2.3602281528731446        1.0289640789392043     
   78.600000000000009        2.4610805234016961        1.0085237052855243     
   78.700000000000003        2.5602919509473292       0.99211427545632580     
   78.800000000000011        2.6582525290349910       0.97960578087661965     
   78.900000000000006        2.7553348940147977       0.97082364979806668     
   79.000000000000000        2.8518909692000936       0.96556075185296575     
   79.100000000000009        2.9482495513266311       0.96358582126537762     
   79.200000000000003        3.0447144082098081       0.96464856883177308     
   79.300000000000011        3.1415625897853303       0.96848181575522685     
   79.400000000000006        3.2390426915343085       0.97480101748977688     
   79.500000000000000        3.3373728487175836       0.98330157183274736     
   79.600000000000009        3.4367382824125929       0.99365433695008820     
   79.700000000000003        3.5372882656026761        1.0054998319008266     
   79.800000000000011        3.6391324316296334        1.0184416602695727     
   79.900000000000006        3.7423364103886723        1.0320397875903942     
   80.000000000000000        3.8469168514280927        1.0458044103942004     
   80.100000000000009        3.9528359781224847        1.0591912669439247     
   80.200000000000003        4.0599959118233002        1.0715993370081600     
   80.300000000000011        4.1682331050425443        1.0823719321924388     
   80.400000000000006        4.2773133205196618        1.0908021547711828     
   80.500000000000000        4.3869276770143415        1.0961435649468010     
   80.600000000000009        4.4966903383011179        1.0976266128677656     
   80.700000000000003        4.6061384330505941        1.0944809474947705     
   80.800000000000011        4.7147347452626214        1.0859631221202721     
   80.900000000000006        4.8218735978206162        1.0713885255799536     
   81.000000000000000        4.9268901646021863        1.0501656678157076     
   81.100000000000009        5.0290732003862768        1.0218303578409018     
   81.200000000000003        5.1276808963426053       0.98607695956328445     
   81.300000000000011        5.2219592865361069       0.94278390193501471     
   81.400000000000006        5.3111623869748090       0.89203100438702143     
   81.500000000000000        5.3945730797269800       0.83410692752171278     
   81.600000000000009        5.4715236859436747       0.76950606216695228     
   81.700000000000003        5.5414152116511399       0.69891525707466018     
   81.800000000000011        5.6037343884700981       0.62319176818958211     
   81.900000000000006        5.6580678415325849       0.54333453062486903     
   82.000000000000000        5.7041129629982326       0.46045121465647471     
   82.100000000000009        5.7416853148212894       0.37572351823057404     
   82.200000000000003        5.7707225982741051       0.29037283452815499     
   82.300000000000011        5.7912853909273885       0.20562792653284306     
   82.400000000000006        5.8035549578001877       0.12269566872798943     
   82.500000000000000        5.8078284969068044        4.2735391066171233E-002
   82.600000000000009        5.8045121928072341       -3.3163040995710491E-002
   82.700000000000003        5.7941124407833779      -0.10399752023855525     
   82.800000000000011        5.7772255841335927      -0.16886856649784998     
   82.900000000000006        5.7545264894974046      -0.22699094636188907     
   83.000000000000000        5.7267562765855082      -0.27770212911896164     
   83.100000000000009        5.6947095201261195      -0.32046756459388176     
   83.200000000000003        5.6592212493800496      -0.35488270746070377     
   83.300000000000011        5.6211540771709902      -0.38067172209059114     
   83.400000000000006        5.5813857878595314      -0.39768289311459254     
   83.500000000000000        5.5407976948900579      -0.40588092969473460     
   83.600000000000009        5.5002640390101671      -0.40533655879891561     
   83.700000000000003        5.4606426372861137      -0.39621401724053606     
   83.800000000000011        5.4227669137669494      -0.37875723519163840     
   83.900000000000006        5.3874393514094052      -0.35327562357544606     
   84.000000000000000        5.3554263098789328      -0.32013041530471775     
   84.100000000000009        5.3274540636782444      -0.27972246200688461     
   84.200000000000003        5.3042058373193974      -0.23248226358846297     
   84.300000000000011        5.2863195546211319      -0.17886282698266021     
   84.400000000000006        5.2743859810710845      -0.11933573550047398     
   84.500000000000000        5.2689469228554007       -5.4390582156830271E-002
   84.600000000000009        5.2704931534755470        1.5462306201456232E-002
   84.700000000000003        5.2794617680480140        8.9686145724673802E-002
   84.800000000000011        5.2962327157635478       0.16770947715534296     
   84.900000000000006        5.3211243326032296       0.24891616839682310     
   85.000000000000000        5.3543877901178458       0.33263457514616795     
   85.100000000000009        5.3962004931034873       0.41812702985641637     
   85.200000000000003        5.4466585998827117       0.50458106779225187     
   85.300000000000011        5.5057690017438627       0.59110401861150375     
   85.400000000000006        5.5734412764006880       0.67672274656825404     
   85.500000000000000        5.6494803107113540       0.76039034310665965     
   85.600000000000009        5.7335804484078068       0.84100137696451915     
   85.700000000000003        5.8253221288095425       0.91741680401736392     
   85.800000000000011        5.9241720063689218       0.98849877559378707     
   85.900000000000006        6.0294874431736432        1.0531543680472193     
   86.000000000000000        6.1405260226232699        1.1103857944962681     
   86.100000000000009        6.2564603398356784        1.1593431721240839     
   86.200000000000003        9.3212504538835006E-002   1.1993747188274300     
   86.300000000000011       0.21621937279087433        1.2300686825203926     
   86.400000000000006       0.34134753600059575        1.2512816320972175     
   86.500000000000000       0.46766244076954422        1.2631490476894773     
   86.600000000000009       0.59427006882208389        1.2660762805253902     
   86.700000000000003       0.72034112066199896        1.2607105183991463     
   86.800000000000011       0.84513080745927205        1.2478968679727376     
   86.900000000000006       0.96799316212787545        1.2286235466860269     
   87.000000000000000        1.0883893749548559        1.2039621282698068     
   87.100000000000009        1.2058902468745192        1.1750087191966387     
   87.200000000000003        1.3201733482639622        1.1428310138944360     
   87.300000000000011        1.4310158183547923        1.1084247009083028     
   87.400000000000006        1.5382839219377242        1.0726810358293242     
   87.500000000000000        1.6419205093250522        1.0363658738732835     
   87.600000000000009        1.7419314363163902        1.0001092699133789     
   87.700000000000003        1.8383718352451801       0.96440398928789128     
   87.800000000000011        1.9313329264625807       0.92961091217400049     
   87.900000000000006        2.0209298544199310       0.89596927957350703     
   88.000000000000000        2.1072908461863964       0.86360991766465145     
   88.100000000000009        2.1905478352508130       0.83256989064416520     
   88.200000000000003        2.2708285743017473       0.80280739050934868     
   88.300000000000011        2.3482501763143215       0.77421602012574620     
   88.400000000000006        2.4229139693938126       0.74663793079491458     
   88.500000000000000        2.4949015216663248       0.71987552272512689     
   88.600000000000009        2.5642716820620048       0.69370160395680824     
   88.700000000000003        2.6310584855944281       0.66786803532423245     
   88.800000000000011        2.6952697830292571       0.64211297434829540     
   88.900000000000006        2.7568864709204544       0.61616687891197486     
   89.000000000000000        2.8158622160229001       0.58975745102446153     
   89.100000000000009        2.8721235859818606       0.56261369958960128     
   89.200000000000003        2.9255705144948116       0.53446928512951031     
   89.300000000000011        2.9760770428800321       0.50506528385219873     
   89.400000000000006        3.0234922906004211       0.47415247720389819     
   89.500000000000000        3.0676416145223975       0.44149323921976025     
   89.600000000000009        3.1083279205349292       0.40686306012531204     
   89.700000000000003        3.1453330918267124       0.37005171291783656     
   89.800000000000011        3.1784194960270860       0.33086404200373010     
   89.900000000000006        3.2073315291423512       0.28912033115266000     
   90.000000000000000        3.2317971485112746       0.24465619368922747     
   90.100000000000009        3.2515293407607953       0.19732192249520333     
   90.200000000000003        3.2662274650054997       0.14698124244704938     
   90.300000000000011        3.2755784074748782        9.3509424693782650E-002
   90.400000000000006        3.2792574826766430        3.6790752017642980E-002
   90.500000000000000        3.2769290195643261       -2.3284631123171258E-002
   90.600000000000009        3.2682465806042362       -8.6824389600891283E-002
   90.700000000000003        3.2528527789988928      -0.15393801605343865     
   90.800000000000011        3.2303786868094342      -0.22474092189459360     
   90.900000000000006        3.2004428669385518      -0.29935819870882985     
   91.000000000000000        3.1626501180210411      -0.37792748917510666     
   91.100000000000009        3.1165900969328941      -0.46060021088146463     
   91.200000000000003        3.0618360830931710      -0.54754013839722548     
   91.300000000000011        2.9979442763925928      -0.63891806700578790     
   91.400000000000006        2.9244541801867392      -0.73490096205853517     
   91.500000000000000        2.8408908137819093      -0.83563366404829742     
   91.600000000000009        2.7467697213936386      -0.94121092388271443     
   91.700000000000003        2.6416059827570351       -1.0516373863660295     
   91.800000000000011        2.5249286532499013       -1.1667732950713403     
   91.900000000000006        2.3963022107031335       -1.2862644254676829     
   92.000000000000000        2.2553565672437212       -1.4094564345941296     
   92.100000000000009        2.1018268791378869       -1.5352968810583347     
   92.200000000000003        1.9356035793898556       -1.6622329974803087     
   92.300000000000011        1.7567915852405296       -1.7881199414932623     
   92.400000000000006        1.5657753853049972       -1.9101619993553158     
   92.500000000000000        1.3632837785474816       -2.0249160675751603     
   92.600000000000009        1.1504448685876874       -2.1283890995979364     
   92.700000000000003       0.92881943023829550       -2.2162543834939150     
   92.800000000000011       0.70040026729713922       -2.2841916294115574     
   92.900000000000006       0.46756795385645766       -2.3283231344068200     
   93.000000000000000       0.23299992159878435       -2.3456803225767269     
   93.100000000000009        6.2827245665011731       -2.3346066227719757     
   93.200000000000003        6.0532245269598643       -2.2950003954130800     
   93.300000000000011        5.8303911898168383       -2.2283333714302631     
   93.400000000000006        5.6166474385008343       -2.1374375131600423     
   93.500000000000000        5.4140360489776942       -2.0261138952314086     
   93.600000000000009        5.2241703761524843       -1.8986567282521025     
   93.700000000000003        5.0482312408682510       -1.7593913528423266     
   93.800000000000011        4.8870011241756544       -1.6123011669259735     
   93.900000000000006        4.7409230763974914       -1.4607804777816331     
   94.000000000000000        4.6101716258923453       -1.3075145050514640     
   94.100000000000009        4.4947252261488639       -1.1544639974348085     
   94.200000000000003        4.3944330204016868       -1.0029220574717632     
   94.300000000000011        4.3090718679109585      -0.85361152490727921     
   94.400000000000006        4.2383920889684088      -0.70679778942549643     
   94.500000000000000        4.1821520777191523      -0.56240011249256461     
   94.600000000000009        4.1401428802711226      -0.42009197448030450     
   94.700000000000003        4.1122042189072943      -0.27938661363828915     
   94.800000000000011        4.0982334490890011      -0.13970769818292483     
   94.900000000000006        4.0981887177377185       -4.4731351282035342E-004
   95.000000000000000        4.1120872577384500       0.13898540000730841     
   95.100000000000009        4.1399993751003024       0.27912117361853039     
   95.200000000000003        4.1820383064595354       0.42038931359233456     
   95.300000000000011        4.2383457784218717       0.56307471962336797     
   95.400000000000006        4.3090728201862252       0.70727041764354026     
   95.500000000000000        4.3943552121005087       0.85282391914284217     
   95.600000000000009        4.4942829597113594       0.99927747610850770     
   95.700000000000003        4.6088634512374878        1.1458049152612868     
   95.800000000000011        4.7379785844775277        1.2911513324004005     
   95.900000000000006        4.8813372209867989        1.4335863650927090     
   96.000000000000000        5.0384258597377336        1.5708863875093413     
   96.100000000000009        5.2084622990150606        1.7003643927732650     
   96.200000000000003        5.3903589369300313        1.8189663791497013     
   96.300000000000011        5.5827036602916493        1.9234472336161752     
   96.400000000000006        5.7837662304872914        2.0106257019564131     
   96.500000000000000        5.9915360119082575        2.0776978142096558     
   96.600000000000009        6.2037925847679318        2.1225657285967512     
   96.700000000000003       0.13501953437722847        2.1441225678888198     
   96.800000000000011       0.34926275765666048        2.1424322327943219     
   96.900000000000006       0.56113884198351549        2.1187608432685581     
   97.000000000000000       0.76868380772160094        2.0754496573808634     
   97.100000000000009       0.97024947387433436        2.0156566615273293     
   97.200000000000003        1.1645516633832820        1.9430218950894680     
   97.300000000000011        1.3506837725304557        1.8613210914717315     
   97.400000000000006        1.5281000808186853        1.7741630828822963     
   97.500000000000000        1.6965766313088970        1.6847655049021186     
   97.600000000000009        1.8561586271704300        1.5958199586153352     
   97.700000000000003        2.0071025435700385        1.5094391639960865     
   97.800000000000011        2.1498193338846630        1.4271679031462505     
   97.900000000000006        2.2848229610818862        1.3500362719722268     
   98.000000000000000        2.4126865235713719        1.2786356248948614     
   98.100000000000009        2.5340067244018609        1.2132020083048949     
   98.200000000000003        2.6493764080745006        1.1536968367263902     
   98.300000000000011        2.7593642993846217        1.0998789131012161     
   98.400000000000006        2.8645008165984542        1.0513651721383195     
   98.500000000000000        2.9652687879575303        1.0076797135907669     
   98.600000000000009        3.0620979859931605       0.96829198035630393     
   98.700000000000003        3.1553625431605070       0.93264557167347251     
   98.800000000000011        3.2453804821661283       0.90017939005621572     
   98.900000000000006        3.3324147598210700       0.87034277654942305     
   99.000000000000000        3.4166753711736320       0.84260611352561954     
   99.100000000000009        3.4983221856212765       0.81646814447643201     
   99.200000000000003        3.5774682876991832       0.79146102077906377     
   99.300000000000011        3.6541836736564761       0.76715385957292448     
   99.400000000000006        3.7284992131534551       0.74315539496979732     
   99.500000000000000        3.8004108261464040       0.71911612992947127     
   99.600000000000009        3.8698838509347162       0.69473024788311943     
   99.700000000000003        3.9368575929314567       0.66973741996739844     
   99.800000000000011        4.0012500473190933       0.64392454387635645     
   99.900000000000006        4.0629627845787759       0.61712737259683936     
   100.00000000000000        4.1218859780648991       0.58923193486122827     
