  0.10000000000000001       0.25954428382274114       -2.2551039764082424E-002
  0.20000000000000001       0.25550022690160556       -4.0440569211355935E-002
  0.30000000000000004       0.25012442519783112       -5.3758017037744202E-002
  0.40000000000000002       0.24385975539037455       -6.2646698074565840E-002
  0.50000000000000000       0.23712979282235003       -6.7299625680245126E-002
  0.60000000000000009       0.23033428299506378       -6.7955098272862419E-002
  0.70000000000000007       0.22384507815282031       -6.4892048422434734E-002
  0.80000000000000004       0.21800256228157863       -5.8425158712416755E-002
  0.90000000000000002       0.21311258562426441       -4.8899766573142198E-002
   1.0000000000000000       0.20944392591419239       -3.6686597100720156E-002
   1.1000000000000001       0.20722628829090117       -2.2176376232912319E-002
   1.2000000000000002       0.20664884974692871       -5.7743854397247704E-003
   1.3000000000000000       0.20785934742562068        1.2104976786919724E-002
   1.4000000000000001       0.21096370354457827        3.1043561189575894E-002
   1.5000000000000000       0.21602617343404215        5.0624698894638789E-002
   1.6000000000000001       0.22306999729792862        7.0438238638864586E-002
   1.7000000000000002       0.23207853085147126        9.0085335535426386E-002
   1.8000000000000000       0.24299682490462660       0.10918294053155339     
   1.9000000000000001       0.25573361915203063       0.12736794247404060     
   2.0000000000000000       0.27016371082369839       0.14430091671667727     
   2.1000000000000001       0.28613065443331442       0.15966943609616030     
   2.2000000000000002       0.30344974471159258       0.17319090278278160     
   2.3000000000000003       0.32191123110987269       0.18461486398280086     
   2.4000000000000004       0.34128370927096247       0.19372478161089784     
   2.5000000000000000       0.36131763291341085       0.20033923642448401     
   2.6000000000000001       0.38174888899490106       0.20431256081490226     
   2.7000000000000002       0.40230238009975500       0.20553491104853919     
   2.8000000000000003       0.42269556092884392       0.20393180829088922     
   2.9000000000000004       0.44264188061450083       0.19946319685656905     
   3.0000000000000000       0.46185408923263249       0.19212208618131649     
   3.1000000000000001       0.48004737506561540       0.18193285832982886     
   3.2000000000000002       0.49694230845711962       0.16894933391504205     
   3.3000000000000003       0.51226757794994182       0.15325269492822172     
   3.4000000000000004       0.52576251419497066       0.13494936245028796     
   3.5000000000000000       0.53717940622954974       0.11416892034579092     
   3.6000000000000001       0.54628562254585300        9.1062163163032284E-002
   3.7000000000000002       0.55286555538181348        6.5799328359604406E-002
   3.8000000000000003       0.55672241045893078        3.8568550771172674E-002
   3.9000000000000004       0.55767986568883665        9.5745522990582609E-003
   4.0000000000000000       0.55558362104704684       -2.0962446417898389E-002
   4.1000000000000005       0.55030285789149547       -5.2807631555513317E-002
   4.2000000000000002       0.54173161965715411       -8.5712382343414051E-002
   4.2999999999999998       0.52979011740230386      -0.11941502254850243     
   4.4000000000000004       0.51442595357282694      -0.15364163829476879     
   4.5000000000000000       0.49561524618028935      -0.18810707392537571     
   4.6000000000000005       0.47336362408047389      -0.22251622099815466     
   4.7000000000000002       0.44770705303421665      -0.25656571046257209     
   4.8000000000000007       0.41871244267282343      -0.28994610361393230     
   4.9000000000000004       0.38647797737591477      -0.32234465296908649     
   5.0000000000000000       0.35113311039771916      -0.35344866978195622     
   5.1000000000000005       0.31283816125743918      -0.38294949140279988     
   5.2000000000000002       0.27178346215243271      -0.41054699105006459     
   5.3000000000000007       0.22818801035375733      -0.43595451798675383     
   5.4000000000000004       0.18229760016040097      -0.45890410193356357     
   5.5000000000000000       0.13438242945059070      -0.47915170709810256     
   5.6000000000000005        8.4734201032696549E-002 -0.49648228417894147     
   5.7000000000000002        3.3662766176383030E-002 -0.51071434856313513     
   5.8000000000000007       -1.8507615223717223E-002 -0.52170381400100252     
   5.9000000000000004       -7.1442298791687578E-002 -0.52934683567970353     
   6.0000000000000000      -0.12480044525087332      -0.53358146459185740     
   6.1000000000000005      -0.17823924357883073      -0.53438798327957404     
   6.2000000000000002      -0.23141803113776524      -0.53178787558934515     
   6.3000000000000007      -0.28400217834953678      -0.52584147211771559     
   6.4000000000000004      -0.33566661831923078      -0.51664439969694009     
   6.5000000000000000      -0.38609892221688058      -0.50432303897649811     
   6.6000000000000005      -0.43500184739747028      -0.48902925180589696     
   6.7000000000000002      -0.48209531490262081      -0.47093467505150560     
   6.8000000000000007      -0.52711780369659789      -0.45022488793977039     
   6.9000000000000004      -0.56982717841351027      -0.42709374716912385     
   7.0000000000000000      -0.61000099355992843      -0.40173815146418185     
   7.1000000000000005      -0.64743633857961691      -0.37435345019688476     
   7.2000000000000002      -0.68194930409350474      -0.34512965513887794     
   7.3000000000000007      -0.71337415971010276      -0.31424855616598074     
   7.4000000000000004      -0.74156233829088092      -0.28188178580778189     
   7.5000000000000000      -0.76638132105663714      -0.24818982765756264     
   7.6000000000000005      -0.78771351326962646      -0.21332192212989307     
   7.7000000000000002      -0.80545519234939478      -0.17741679079768302     
   7.8000000000000007      -0.81951560008135960      -0.14060407731964808     
   7.9000000000000004      -0.82981623885058731      -0.10300638769227700     
   8.0000000000000000      -0.83629041921213165       -6.4741803615443461E-002
   8.0999999999999996      -0.83888309304470898       -2.5926738325773760E-002
   8.2000000000000011      -0.83755099330057892        1.3320997441300518E-002
   8.3000000000000007      -0.83226308808473459        5.2879052158443615E-002
   8.4000000000000004      -0.82300134348488774        9.2617445998468884E-002
   8.5000000000000000      -0.80976177618648226       0.13239567298405483     
   8.5999999999999996      -0.79255576340065303       0.17206012785829183     
   8.7000000000000011      -0.77141156402548117       0.21144199375171877     
   8.8000000000000007      -0.74637599139089195       0.25035572634589237     
   8.9000000000000004      -0.71751616471845903       0.28859826672432948     
   9.0000000000000000      -0.68492125408782856       0.32594910630630469     
   9.0999999999999996      -0.64870412300474689       0.36217131083081677     
   9.2000000000000011      -0.60900276459810487       0.39701358406642040     
   9.3000000000000007      -0.56598142319224920       0.43021341405855690     
   9.4000000000000004      -0.51983129373451786       0.46150129457731376     
   9.5000000000000000      -0.47077069845785757       0.49060595276660290     
   9.6000000000000014      -0.41904465410963759       0.51726044348219957     
   9.7000000000000011      -0.36492376448948366       0.54120889620153945     
   9.8000000000000007      -0.30870240164534557       0.56221362844138079     
   9.9000000000000004      -0.25069617379090847       0.58006227854437109     
   10.000000000000000      -0.19123871686953139       0.59457456921377072     
   10.100000000000001      -0.13067788694906007       0.60560829920471304     
   10.200000000000001       -6.9371468972422135E-002  0.61306417976637939     
   10.300000000000001       -7.6825502909999080E-003  0.61688918681422222     
   10.400000000000000        5.4025268405176470E-002  0.61707818696176375     
   10.500000000000000       0.11539263924632129       0.61367370841144808     
   10.600000000000001       0.17606902478207836       0.60676385535757071     
   10.700000000000001       0.23571687414962419       0.59647849367545835     
   10.800000000000001       0.29401526940789702       0.58298395258272850     
   10.900000000000000       0.35066292738129268       0.56647657973395638     
   11.000000000000000       0.40538048212455946       0.54717554743266761     
   11.100000000000001       0.45791201527097386       0.52531533146414389     
   11.200000000000001       0.50802584250816851       0.50113827237194664     
   11.300000000000001       0.55551460119199758       0.47488758683829035     
   11.400000000000000       0.60019471439986705       0.44680113207869432     
   11.500000000000000       0.64190532920808363       0.41710614808216584     
   11.600000000000001       0.68050684123530336       0.38601512027219731     
   11.700000000000001       0.71587912389649311       0.35372282661189736     
   11.800000000000001       0.74791958031713923       0.32040456420646130     
   11.900000000000000       0.77654112978379763       0.28621549466658353     
   12.000000000000000       0.80167023041520491       0.25129100631407264     
   12.100000000000001       0.82324502685124490       0.21574796436039984     
   12.200000000000001       0.84121369743062646       0.17968670579381607     
   12.300000000000001       0.85553306057207523       0.14319363141448757     
   12.400000000000000       0.86616748562060875       0.10634425048533477     
   12.500000000000000       0.87308813972946542        6.9206541088567081E-002
   12.600000000000001       0.87627258963541921        3.1844499059538386E-002
   12.700000000000001       0.87570476546771603       -5.6782416770314523E-003
   12.800000000000001       0.87137528287927146       -4.3294825884445130E-002
   12.900000000000000       0.86328210958132412       -8.0931732979473342E-002
   13.000000000000000       0.85143155253896330      -0.11850557042360862     
   13.100000000000001       0.83583953239710473      -0.15592020141858612     
   13.200000000000001       0.81653310196847972      -0.19306430428625021     
   13.300000000000001       0.79355215574841143      -0.22980946220068282     
   13.400000000000000       0.76695126749586184      -0.26600888252549532     
   13.500000000000000       0.73680158318996325      -0.30149684305898566     
   13.600000000000001       0.70319268759547626      -0.33608895594486998     
   13.700000000000001       0.66623435491969119      -0.36958332675785099     
   13.800000000000001       0.62605808847818600      -0.40176266441505176     
   13.900000000000000       0.58281835190670461      -0.43239736571481380     
   14.000000000000000       0.53669339630886936      -0.46124955597835260     
   14.100000000000001       0.48788559478372989      -0.48807801525139488     
   14.200000000000001       0.43662120876700866      -0.51264386016721220     
   14.300000000000001       0.38314952987258510      -0.53471678894423547     
   14.400000000000000       0.32774136619766381      -0.55408163674921318     
   14.500000000000000       0.27068687243628126      -0.57054493761382541     
   14.600000000000001       0.21229275699218572      -0.58394115444095529     
   14.700000000000001       0.15287893430212676      -0.59413822690058948     
   14.800000000000001        9.2774724013611004E-002 -0.60104210288515758     
   14.900000000000000        3.2314727566965164E-002 -0.60459996446645836     
   15.000000000000000       -2.8165465649762265E-002 -0.60480193216727429     
   15.100000000000001       -8.8333578278258135E-002 -0.60168112628495862     
   15.200000000000001      -0.14786478550058724      -0.59531207222329097     
   15.300000000000001      -0.20644554024895756      -0.58580754748370323     
   15.400000000000000      -0.26377694723229295      -0.57331406983335353     
   15.500000000000000      -0.31957757814257781      -0.55800630910284887     
   15.600000000000001      -0.37358565430503732      -0.54008076162459495     
   15.700000000000001      -0.42556055957038685      -0.51974905265349536     
   15.800000000000001      -0.47528368239349789      -0.49723122823111027     
   15.900000000000000      -0.52255861912890689      -0.47274936735409046     
   16.000000000000000      -0.56721079853418921      -0.44652179405282300     
   16.100000000000001      -0.60908660898808509      -0.41875810453895845     
   16.199999999999999      -0.64805212444856530      -0.38965515460480199     
   16.300000000000001      -0.68399153283009939      -0.35939408381534088     
   16.400000000000002      -0.71680537194025307      -0.32813839110153703     
   16.500000000000000      -0.74640867441107572      -0.29603302470822690     
   16.600000000000001      -0.77272911539365119      -0.26320440982575494     
   16.699999999999999      -0.79570524637542628      -0.22976130981775061     
   16.800000000000001      -0.81528488644727837      -0.19579640071852136     
   16.900000000000002      -0.83142372962651379      -0.16138843179235457     
   17.000000000000000      -0.84408421414682855      -0.12660484520314741     
   17.100000000000001      -0.85323468744052045       -9.1504732936918479E-002
   17.199999999999999      -0.85884888913153190       -5.6142016910114806E-002
   17.300000000000001      -0.86090576381677153       -2.0568746852395778E-002
   17.400000000000002      -0.85938960568063494        1.5161581361366409E-002
   17.500000000000000      -0.85429052790632065        5.0990777743143346E-002
   17.600000000000001      -0.84560524120308134        8.6852867032393255E-002
   17.699999999999999      -0.83333811733215779       0.12267123870923524     
   17.800000000000001      -0.81750250508328448       0.15835612248873265     
   17.900000000000002      -0.79812225759106337       0.19380247492221142     
   18.000000000000000      -0.77523342115080451       0.22888836440258836     
   18.100000000000001      -0.74888602689620731       0.26347394254597217     
   18.199999999999999      -0.71914591809786454       0.29740108798342807     
   18.300000000000001      -0.68609653787175950       0.33049380226105057     
   18.400000000000002      -0.64984059536968852       0.36255942502070959     
   18.500000000000000      -0.61050152383618572       0.39339071533502845     
   18.600000000000001      -0.56822464214604052       0.42276881690145218     
   18.699999999999999      -0.52317793349959807       0.45046708646442446     
   18.800000000000001      -0.47555236168528164       0.47625571814316442     
   18.900000000000002      -0.42556165733944895       0.49990704345832698     
   19.000000000000000      -0.37344152420045240       0.52120133138996572     
   19.100000000000001      -0.31944823822888252       0.53993285971569893     
   19.200000000000003      -0.26385663982094626       0.55591598407936271     
   19.300000000000001      -0.20695754972839461       0.56899090092551652     
   19.400000000000002      -0.14905467070737405       0.57902879021020559     
   19.500000000000000       -9.0461066937504872E-002  0.58593603769869174     
   19.600000000000001       -3.1495339311415911E-002  0.58965727626088960     
   19.700000000000003        2.7522365627742705E-002  0.59017704939158611     
   19.800000000000001        8.6274363981983293E-002  0.58751998354240575     
   19.900000000000002       0.14444930911364773       0.58174945131664435     
   20.000000000000000       0.20174578970217127       0.57296480588523557     
   20.100000000000001       0.25787552553788406       0.56129735835712813     
   20.200000000000003       0.31256606007907051       0.54690534541186453     
   20.300000000000001       0.36556287883568672       0.52996818756616204     
   20.400000000000002       0.41663091536477825       0.51068036529091521     
   20.500000000000000       0.46555543940560207       0.48924524040823802     
   20.600000000000001       0.51214235204599501       0.46586912640392897     
   20.700000000000003       0.55621793889010984       0.44075586844114845     
   20.800000000000001       0.59762815271700342       0.41410213826893566     
   20.900000000000002       0.63623751147111507       0.38609358754111683     
   21.000000000000000       0.67192770561244819       0.35690194141333065     
   21.100000000000001       0.70459601137353944       0.32668305761091254     
   21.200000000000003       0.73415360416267361       0.29557592789134207     
   21.300000000000001       0.76052386024541685       0.26370256082743215     
   21.400000000000002       0.78364072600211321       0.23116865756696361     
   21.500000000000000       0.80344722350394127       0.19806497501828071     
   21.600000000000001       0.81989414973748298       0.16446926233541689     
   21.700000000000003       0.83293901521395786       0.13044865476474898     
   21.800000000000001       0.84254525640007438        9.6062411861165542E-002
   21.900000000000002       0.84868174568613597        6.1364892860616298E-002
   22.000000000000000       0.85132261257795683        2.6408668918208422E-002
   22.100000000000001       0.85044738044043877       -8.7523213751806370E-003
   22.200000000000003       0.84604141431170499       -4.4059661287338264E-002
   22.300000000000001       0.83809666686711026       -7.9447474445947422E-002
   22.400000000000002       0.82661270134121156      -0.11483965525898696     
   22.500000000000000       0.81159796192946354      -0.15014739411748068     
   22.600000000000001       0.79307125376141951      -0.18526708168044012     
   22.700000000000003       0.77106338592536849      -0.22007867836051051     
   22.800000000000001       0.74561892231544902      -0.25444463609919499     
   22.900000000000002       0.71679797650155197      -0.28820945813897070     
   23.000000000000000       0.68467797879354919      -0.32119997708002784     
   23.100000000000001       0.64935533676106005      -0.35322642032489127     
   23.200000000000003       0.61094690541126995      -0.38408431349790156     
   23.300000000000001       0.56959118086831451      -0.41355724542955408     
   23.400000000000002       0.52544913262977666      -0.44142048238537845     
   23.500000000000000       0.47870459513165037      -0.46744537498126310     
   23.600000000000001       0.42956415008001303      -0.49140445051637360     
   23.700000000000003       0.37825644712784889      -0.51307702952164147     
   23.800000000000001       0.32503093185337950      -0.53225515274469415     
   23.900000000000002       0.27015597593764590      -0.54874955915733592     
   24.000000000000000       0.21391643364924495      -0.56239542288400957     
   24.100000000000001       0.15661067936773934      -0.57305754281505616     
   24.200000000000003        9.8547210631926674E-002 -0.58063468735812673     
   24.300000000000001        4.0040927597624509E-002 -0.58506283034302164     
   24.400000000000002       -1.8590779573377625E-002 -0.58631707171002134     
   24.500000000000000       -7.7031991009969616E-002 -0.58441211436591989     
   24.600000000000001      -0.13497211698747058      -0.57940125977500945     
   24.700000000000003      -0.19210951506455984      -0.57137398077089252     
   24.800000000000001      -0.24815473719021697      -0.56045222125657124     
   24.900000000000002      -0.30283330219219323      -0.54678565001976254     
   25.000000000000000      -0.35588791747135645      -0.53054615279163198     
   25.100000000000001      -0.40708010533586514      -0.51192187864508676     
   25.200000000000003      -0.45619122161140363      -0.49111116275538474     
   25.300000000000001      -0.50302288454673649      -0.46831662935332907     
   25.400000000000002      -0.54739685862115572      -0.44373974074419187     
   25.500000000000000      -0.58915445926501486      -0.41757600643859089     
   25.600000000000001      -0.62815555998450379      -0.39001100719488890     
   25.700000000000003      -0.66427729280623016      -0.36121732821726427     
   25.800000000000001      -0.69741253670498482      -0.33135243898754657     
   25.900000000000002      -0.72746828749745152      -0.30055750792466723     
   26.000000000000000      -0.75436399754075678      -0.26895710043305321     
   26.100000000000001      -0.77802996550828107      -0.23665967967524321     
   26.200000000000003      -0.79840584652629654      -0.20375881018015449     
   26.300000000000001      -0.81543934192038126      -0.17033495394084672     
   26.400000000000002      -0.82908511644341543      -0.13645774523034171     
   26.500000000000000      -0.83930397964684988      -0.10218863203434489     
   26.600000000000001      -0.84606235733279800       -6.7583776859481415E-002
   26.700000000000003      -0.84933206893431556       -3.2697116015175956E-002
   26.800000000000001      -0.84909041722209699        2.4165171221860599E-003
   26.900000000000002      -0.84532058782973607        3.7698293923609280E-002
   27.000000000000000      -0.83801234756179366        7.3082402679423814E-002
   27.100000000000001      -0.82716302210613224       0.10849325455661463     
   27.200000000000003      -0.81277872543144625       0.14384296674686009     
   27.300000000000001      -0.79487580467740371       0.17902920754042576     
   27.400000000000002      -0.77348245568680107       0.21393348990602684     
   27.500000000000000      -0.74864045555233416       0.24842000134466907     
   27.600000000000001      -0.72040694986661513       0.28233505685719040     
   27.700000000000003      -0.68885622415073777       0.31550725715877326     
   27.800000000000001      -0.65408138174499197       0.34774842405745832     
   27.900000000000002      -0.61619584498716018       0.37885536757831789     
   28.000000000000000      -0.57533459361477246       0.40861251372387658     
   28.100000000000001      -0.53165505490018272       0.43679538714589733     
   28.200000000000003      -0.48533756491328550       0.46317489986897220     
   28.300000000000001      -0.43658533019370244       0.48752234719583071     
   28.400000000000002      -0.38562383438648618       0.50961495807216262     
   28.500000000000000      -0.33269965499768001       0.52924179388806158     
   28.600000000000001      -0.27807868075594244       0.54620974241737585     
   28.700000000000003      -0.22204374892094175       0.56034931835000701     
   28.800000000000001      -0.16489175248070290       0.57151996440238861     
   28.900000000000002      -0.10693029729503341       0.57961455185669486     
   29.000000000000000       -4.8474016391154631E-002  0.58456280903878777     
   29.100000000000001        1.0159329644759699E-002  0.58633346035914324     
   29.200000000000003        6.8652823011697228E-002  0.58493493366937521     
   29.300000000000001       0.12669428136168173       0.58041458349984509     
   29.400000000000002       0.18397992873800062       0.57285647376318882     
   29.500000000000000       0.24021771436470993       0.56237785626709313     
   29.600000000000001       0.29513017054313323       0.54912456178423297     
   29.700000000000003       0.34845672864902466       0.53326558105891397     
   29.800000000000001       0.39995544357174384       0.51498714922719191     
   29.900000000000002       0.44940410927960184       0.49448665707857986     
   30.000000000000000       0.49660077906725053       0.47196669787648687     
   30.100000000000001       0.54136373137950711       0.44762952312256532     
   30.200000000000003       0.58353094442291231       0.42167213043405194     
   30.300000000000001       0.62295915922774248       0.39428214804830197     
   30.400000000000002       0.65952262118845151       0.36563461960709009     
   30.500000000000000       0.69311159469920669       0.33588973510755149     
   30.600000000000001       0.72363074501633096       0.30519150317124266     
   30.700000000000003       0.75099747686496521       0.27366731848634201     
   30.800000000000001       0.77514031160307340       0.24142834738108235     
   30.900000000000002       0.79599737497717871       0.20857063374105345     
   31.000000000000000       0.81351505655263168       0.17517681575452937     
   31.100000000000001       0.82764689051011764       0.14131833957485937     
   31.200000000000003       0.83835269620999464       0.10705805699877027     
   31.300000000000001       0.84559800608453284        7.2453098745382222E-002
   31.400000000000002       0.84935379819755974        3.7557921130268540E-002
   31.500000000000000       0.84959654123748651        2.4274303992672802E-003
   31.600000000000001       0.84630855069834154       -3.2879905391449443E-002
   31.700000000000003       0.83947864639663849       -6.8299043017030159E-002
   31.800000000000001       0.82910309307818353      -0.10375553318454923     
   31.900000000000002       0.81518679750158507      -0.13916295576598409     
   32.000000000000000       0.79774472690018206      -0.17442070601403026     
   32.100000000000001       0.77680350505640161      -0.20941221843780430     
   32.200000000000003       0.75240313342051424      -0.24400371635887386     
   32.300000000000004       0.72459877596064037      -0.27804357459873846     
   32.399999999999999       0.69346253809869640      -0.31136237861943983     
   32.500000000000000       0.65908516269762307      -0.34377375401073296     
   32.600000000000001       0.62157756031312106      -0.37507602384502070     
   32.700000000000003       0.58107208763334395      -0.40505472679777138     
   32.800000000000004       0.53772348809544457      -0.43348599537899335     
   32.899999999999999       0.49170941295526910      -0.46014075140175481     
   33.000000000000000       0.44323045031515118      -0.48478962640117895     
   33.100000000000001       0.39250960421794495      -0.50720846097206240     
   33.200000000000003       0.33979118590222535      -0.52718418315719584     
   33.300000000000004       0.28533910415519026      -0.54452081747035086     
   33.399999999999999       0.22943457026752717      -0.55904533887663099     
   33.500000000000000       0.17237326367433795      -0.57061306593189220     
   33.600000000000001       0.11446203476573014      -0.57911228908607815     
   33.700000000000003        5.6015249098913207E-002 -0.58446785666816925     
   33.800000000000004       -2.6491001350658835E-003 -0.58664349233979085     
   33.899999999999999       -6.1213369212527617E-002 -0.58564269077461728     
   34.000000000000000      -0.11936418191021551      -0.58150812697687893     
   34.100000000000001      -0.17679614298030064      -0.57431961070085125     
   34.200000000000003      -0.23321521412254956      -0.56419071142248911     
   34.300000000000004      -0.28834164032181570      -0.55126426199266132     
   34.399999999999999      -0.34191234159641376      -0.53570701274598043     
   34.500000000000000      -0.39368271632601082      -0.51770374729597080     
   34.600000000000001      -0.44342783477536385      -0.49745118449353026     
   34.700000000000003      -0.49094303269360667      -0.47515197918242813     
   34.800000000000004      -0.53604394281677159      -0.45100910123164889     
   34.899999999999999      -0.57856602516277744      -0.42522082346005807     
   35.000000000000000      -0.61836367425568661      -0.39797649092909215     
   35.100000000000001      -0.65530899255473762      -0.36945318299051005     
   35.200000000000003      -0.68929032464539930      -0.33981332090661720     
   35.300000000000004      -0.72021064683963176      -0.30920322194232414     
   35.399999999999999      -0.74798590265641540      -0.27775255816783689     
   35.500000000000000      -0.77254336725038508      -0.24557464593969638     
   35.600000000000001      -0.79382011425331367      -0.21276747002928570     
   35.700000000000003      -0.81176164761264391      -0.17941533359330192     
   35.800000000000004      -0.82632074961164703      -0.14559101999003091     
   35.899999999999999      -0.83745658490350239      -0.11135835291855399     
   36.000000000000000      -0.84513408945838342       -7.6775045548810136E-002
   36.100000000000001      -0.84932366300151430       -4.1895735431308763E-002
   36.200000000000003      -0.85000117385340745       -6.7751085189311500E-003
   36.300000000000004      -0.84714827599754328        2.8528978558641740E-002
   36.399999999999999      -0.84075302954431586        6.3952464532273781E-002
   36.500000000000000      -0.83081080734309043        9.9422222012253730E-002
   36.600000000000001      -0.81732546212670876       0.13485345216381636     
   36.700000000000003      -0.80031072010279891       0.17014742023909865     
   36.800000000000004      -0.77979175825670688       0.20518961846091993     
   36.899999999999999      -0.75580691383408993       0.23984844422616969     
   37.000000000000000      -0.72840946569934129       0.27397448134748614     
   37.100000000000001      -0.69766941885405798       0.30740046845283286     
   37.200000000000003      -0.66367521585654532       0.33994202997512663     
   37.300000000000004      -0.62653529288480925       0.37139922971736022     
   37.399999999999999      -0.58637939454410648       0.40155898340702717     
   37.500000000000000      -0.54335956112567507       0.43019833418431408     
   37.600000000000001      -0.49765070575257864       0.45708855373096430     
   37.700000000000003      -0.44945070744705251       0.48199998305526109     
   37.800000000000004      -0.39897996009788472       0.50470747349167755     
   37.899999999999999      -0.34648033666433287       0.52499623433551879     
   38.000000000000000      -0.29221355226632262       0.54266784398010237     
   38.100000000000001      -0.23645893802410092       0.55754614242221701     
   38.200000000000003      -0.17951066797652968       0.56948270047571248     
   38.300000000000004      -0.12167451198107901       0.57836155995450667     
   38.400000000000006       -6.3264215727706422E-002  0.58410296253372584     
   38.500000000000000       -4.5976323895094984E-003  0.58666583338196920     
   38.600000000000001        5.4007253240769451E-002  0.58604885630278947     
   38.700000000000003       0.11223625967520662       0.58229006434437158     
   38.800000000000004       0.16978275623088021       0.57546496555673587     
   38.900000000000006       0.22635108807142726       0.56568331840547037     
   39.000000000000000       0.28165956366446782       0.55308475593040540     
   39.100000000000001       0.33544291607311039       0.53783352408642560     
   39.200000000000003       0.38745418030400813       0.52011264230897758     
   39.300000000000004       0.43746596138313998       0.50011781079131823     
   39.400000000000006       0.48527109938325613       0.47805138000116165     
   39.500000000000000       0.53068276609326093       0.45411666710004750     
   39.600000000000001       0.57353405175283156       0.42851285659570670     
   39.700000000000003       0.61367711826770976       0.40143066514878217     
   39.800000000000004       0.65098200720383925       0.37304888936129477     
   39.900000000000006       0.68533519682421862       0.34353189620379376     
   40.000000000000000       0.71663800310473813       0.31302806280519568     
   40.100000000000001       0.74480491594759679       0.28166912842858688     
   40.200000000000003       0.76976195473658338       0.24957038788986535     
   40.300000000000004       0.79144511798280248       0.21683163246219120     
   40.400000000000006       0.80979899103207231       0.18353873049269870     
   40.500000000000000       0.82477556442719713       0.14976573395124773     
   40.600000000000001       0.83633330413033891       0.11557739703141742     
   40.700000000000003       0.84443650380786450        8.1031996775255410E-002
   40.800000000000004       0.84905493897583095        4.6184351679664434E-002
   40.900000000000006       0.85016383305750332        1.1088940816723878E-002
   41.000000000000000       0.84774413625339362       -2.4196968041097021E-002
   41.100000000000001       0.84178310942518420       -5.9610268282093815E-002
   41.200000000000003       0.83227519675994621       -9.5079126652380302E-002
   41.300000000000004       0.81922316261801653      -0.13052034141929689     
   41.400000000000006       0.80263945951797522      -0.16583703100041366     
   41.500000000000000       0.78254778558702187      -0.20091673930953385     
   41.600000000000001       0.75898478102172162      -0.23563004565300297     
   41.700000000000003       0.73200180431603168      -0.26982976705689904     
   41.800000000000004       0.70166672053477952      -0.30335083781252115     
   41.900000000000006       0.66806562622871957      -0.33601094306059942     
   42.000000000000000       0.63130442935842834      -0.36761196870291274     
   42.100000000000001       0.59151019861687193      -0.39794230741556408     
   42.200000000000003       0.54883219569900710      -0.42678002917864866     
   42.300000000000004       0.50344250724554063      -0.45389688453466437     
   42.400000000000006       0.45553620115568794      -0.47906306089852674     
   42.500000000000000       0.40533094523771734      -0.50205255917970604     
   42.600000000000001       0.35306604487167170      -0.52264900366045641     
   42.700000000000003       0.29900088010715403      -0.54065164764517681     
   42.800000000000004       0.24341275043021759      -0.55588129676936426     
   42.900000000000006       0.18659416572930679      -0.56818584700910801     
   43.000000000000000       0.12884965267890400      -0.57744513050402779     
   43.100000000000001        7.0492174413266023E-002 -0.58357478265637974     
   43.200000000000003        1.1839285476560692E-002 -0.58652888936705327     
   43.300000000000004       -4.6790838666009429E-002 -0.58630124142570117     
   43.400000000000006      -0.10508334953097792      -0.58292510864968494     
   43.500000000000000      -0.16273050368422887      -0.57647154153250935     
   43.600000000000001      -0.21943513404614126      -0.56704630361912389     
   43.700000000000003      -0.27491369645958302      -0.55478562413441757     
   43.800000000000004      -0.32889879939322086      -0.53985102933637830     
   43.900000000000006      -0.38114115507182877      -0.52242355678607888     
   44.000000000000000      -0.43141092271276271      -0.50269767640933938     
   44.100000000000001      -0.47949844633777933      -0.48087523625016615     
   44.200000000000003      -0.52521441857609485      -0.45715972238315483     
   44.300000000000004      -0.56838952625711103      -0.43175107681016195     
   44.400000000000006      -0.60887365232157398      -0.40484126064462922     
   44.500000000000000      -0.64653472121385192      -0.37661068892277927     
   44.600000000000001      -0.68125728158511867      -0.34722560371266720     
   44.700000000000003      -0.71294092141618814      -0.31683639831069499     
   44.800000000000004      -0.74149860743671414      -0.28557686020526013     
   44.900000000000006      -0.76685503399932187      -0.25356426562607742     
   45.000000000000000      -0.78894505740392784      -0.22090023404605930     
   45.100000000000001      -0.80771228101460113      -0.18767223610673339     
   45.200000000000003      -0.82310784517163527      -0.15395564157034114     
   45.300000000000004      -0.83508946448989940      -0.11981619318264111     
   45.400000000000006      -0.84362074406975918       -8.5312795798598254E-002
   45.500000000000000      -0.84867079566349390       -5.0500515937346953E-002
   45.600000000000001      -0.85021416501429836       -1.5433693508044442E-002
   45.700000000000003      -0.84823107236788853        1.9830926464098689E-002
   45.800000000000004      -0.84270795941239607        5.5231129554924416E-002
   45.900000000000006      -0.83363832744628918        9.0696319661069363E-002
   46.000000000000000      -0.82102384321270694       0.12614484233582279     
   46.100000000000001      -0.80487568040689461       0.16148162805812272     
   46.200000000000003      -0.78521605626237900       0.19659624144515569     
   46.300000000000004      -0.76207991385334695       0.23136142409032098     
   46.400000000000006      -0.73551669195048730       0.26563221902859646     
   46.500000000000000      -0.70559211572852354       0.29924576221963733     
   46.600000000000001      -0.67238993381154499       0.33202181916978518     
   46.700000000000003      -0.63601352069351924       0.36376413118025785     
   46.800000000000004      -0.59658725926910283       0.39426261424416464     
   46.900000000000006      -0.55425761693189324       0.42329642337209622     
   47.000000000000000      -0.50919383133353513       0.45063785598358097     
   47.100000000000001      -0.46158812923761439       0.47605702095920721     
   47.200000000000003      -0.41165541450308590       0.49932714734528499     
   47.300000000000004      -0.35963237927420172       0.52023035228884196     
   47.400000000000006      -0.30577601561776679       0.53856363656434891     
   47.500000000000000      -0.25036153222905838       0.55414483388708402     
   47.600000000000001      -0.19367971091846498       0.56681821310593394     
   47.700000000000003      -0.13603376835586561       0.57645942562599362     
   47.800000000000004       -7.7735817590311201E-002  0.58297950765554407     
   47.900000000000006       -1.9103048667575132E-002  0.58632768922736067     
   48.000000000000000        3.9546234083440192E-002  0.58649282751015319     
   48.100000000000001        9.7896570655761989E-002  0.58350336572321804     
   48.200000000000003       0.15563915199833150       0.57742581342569499     
   48.300000000000004       0.21247533598708315       0.56836183988751654     
   48.400000000000006       0.26811975200370630       0.55644416016623155     
   48.500000000000000       0.32230289850143962       0.54183146497733292     
   48.600000000000001       0.37477316792703341       0.52470269425593774     
   48.700000000000003       0.42529826565251633       0.50525097725482904     
   48.800000000000004       0.47366602156288945       0.48367755910373134     
   48.900000000000006       0.51968462234815260       0.46018600785263186     
   49.000000000000000       0.56318231756649184       0.43497695218339238     
   49.100000000000001       0.60400667201128244       0.40824354444790545     
   49.200000000000003       0.64202345030625407       0.38016778294971582     
   49.300000000000004       0.67711522703517346       0.35091776728919433     
   49.400000000000006       0.70917981761565374       0.32064590580480290     
   49.500000000000000       0.73812862239969013       0.28948804784036336     
   49.600000000000001       0.76388497014041534       0.25756347740725216     
   49.700000000000003       0.78638253805040947       0.22497567909994146     
   49.800000000000004       0.80556391516210946       0.19181377111699960     
   49.900000000000006       0.82137936440963044       0.15815449247520952     
   50.000000000000000       0.83378582742266405       0.12406463013033558     
   50.100000000000001       0.84274620489974250        8.9603774770783989E-002
   50.200000000000003       0.84822893486627648        5.4827299665340161E-002
   50.300000000000004       0.85020788121641055        1.9789463501340251E-002
   50.400000000000006       0.84866253565161665       -1.5453455647938714E-002
   50.500000000000000       0.84357852733576300       -5.0840083158536067E-002
   50.600000000000001       0.83494842610566200       -8.6301012301009533E-002
   50.700000000000003       0.82277281671314229      -0.12175609392519746     
   50.800000000000004       0.80706161315893843      -0.15711203554203887     
   50.900000000000006       0.78783557360104406      -0.19226039557894414     
   51.000000000000000       0.76512796756849477      -0.22707606032549327     
   51.100000000000001       0.73898633840295036      -0.26141629165544428     
   51.200000000000003       0.70947429525748540      -0.29512043145464983     
   51.300000000000004       0.67667326104874725      -0.32801034208738189     
   51.400000000000006       0.64068409610120780      -0.35989164947539487     
   51.500000000000000       0.60162851260771966      -0.39055583493488183     
   51.600000000000001       0.55965019332890176      -0.41978319278817922     
   51.700000000000003       0.51491553005898272      -0.44734663269919034     
   51.800000000000004       0.46761390410692449      -0.47301625952058213     
   51.900000000000006       0.41795744297164472      -0.49656461135279761     
   52.000000000000000       0.36618020476390034      -0.51777238207744347     
   52.100000000000001       0.31253676449287554      -0.53643440271024789     
   52.200000000000003       0.25730020326277664      -0.55236561230098902     
   52.300000000000004       0.20075953127992083      -0.56540671982855817     
   52.400000000000006       0.14321660637646069      -0.57542924903460135     
   52.500000000000000        8.4982639147248240E-002 -0.58233967229212447     
   52.600000000000001        2.6374401258539966E-002 -0.58608237888708270     
   52.700000000000003       -3.2289727340368828E-002 -0.58664128598908793     
   52.800000000000004       -9.0693725589283347E-002 -0.58403998248914524     
   52.900000000000006      -0.14852776453872846      -0.57834038949445110     
   53.000000000000000      -0.20549176629303495      -0.56964001754306492     
   53.100000000000001      -0.26129856529323425      -0.55806799000199292     
   53.200000000000003      -0.31567657289367290      -0.54378007600438627     
   53.300000000000004      -0.36837187570742957      -0.52695302813756695     
   53.400000000000006      -0.41914973033843689      -0.50777854631007324     
   53.500000000000000      -0.46779544927927746      -0.48645718940840582     
   53.600000000000001      -0.51411470258553749      -0.46319253306260055     
   53.700000000000003      -0.55793328557563515      -0.43818582990097638     
   53.800000000000004      -0.59909642299990562      -0.41163137424270485     
   53.900000000000006      -0.63746769427451311      -0.38371271274607466     
   54.000000000000000      -0.67292767248185892      -0.35459978207345827     
   54.100000000000001      -0.70537237238042083      -0.32444699898561957     
   54.200000000000003      -0.73471160046089723      -0.29339228080476365     
   54.300000000000004      -0.76086729413356113      -0.26155693672663888     
   54.400000000000006      -0.78377192848144095      -0.22904634347879835     
   54.500000000000000      -0.80336705864956270      -0.19595130168121744     
   54.600000000000001      -0.81960205470705072      -0.16234996057487963     
   54.700000000000003      -0.83243307437946523      -0.12831019672414506     
   54.800000000000004      -0.84182230787019485       -9.3892334907296218E-002
   54.900000000000006      -0.84773751835026290       -5.9152104800680595E-002
   55.000000000000000      -0.85015189170802175       -2.4143733577588332E-002
   55.100000000000001      -0.84904419979268031        1.1076919153414577E-002
   55.200000000000003      -0.84439927254044844        4.6449272522318924E-002
   55.300000000000004      -0.83620876586327986        8.1905066771685797E-002
   55.400000000000006      -0.82447220381273523       0.11736562050544641     
   55.500000000000000      -0.80919826512977422       0.15273938682960989     
   55.600000000000001      -0.79040627573662547       0.18791989393148800     
   55.700000000000003      -0.76812785999329181       0.22278415743333621     
   55.800000000000004      -0.74240869472824744       0.25719165265044397     
   55.900000000000006      -0.71331030141263607       0.29098393315611348     
   56.000000000000000      -0.68091180380221739       0.32398497610418675     
   56.100000000000001      -0.64531157151685303       0.35600232285364353     
   56.200000000000003      -0.60662866511389502       0.38682906402958056     
   56.300000000000004      -0.56500399610023844       0.41624669013656568     
   56.400000000000006      -0.52060111691433997       0.44402879185898453     
   56.500000000000000      -0.47360656202076140       0.46994554893578544     
   56.600000000000001      -0.42422967252297594       0.49376889497785442     
   56.700000000000003      -0.37270185340204004       0.51527819120935903     
   56.800000000000004      -0.31927523444359740       0.53426618958442651     
   56.900000000000006      -0.26422073236817156       0.55054502075425826     
   57.000000000000000      -0.20782554126942276       0.56395191098748787     
   57.100000000000001      -0.15039010927539900       0.57435431994023756     
   57.200000000000003       -9.2224689049613853E-002  0.58165420225785147     
   57.300000000000004       -3.3645575831984756E-002  0.58579113217629097     
   57.400000000000006        2.5028833213208493E-002  0.58674409045193243     
   57.500000000000000        8.3482012497580457E-002  0.58453179284371959     
   57.600000000000001       0.14140316569750214       0.57921153199921682     
   57.700000000000003       0.19849082580349853       0.57087660105996396     
   57.800000000000004       0.25445607160884742       0.55965245805348873     
   57.900000000000006       0.30902525824485727       0.54569186636009825     
   58.000000000000000       0.36194218838377434       0.52916930138917051     
   58.100000000000001       0.41296968269172896       0.51027494307954635     
   58.200000000000003       0.46189054040803912       0.48920857716310140     
   58.300000000000004       0.50850791116039862       0.46617370752359472     
   58.400000000000006       0.55264512536421340       0.44137214203814751     
   58.500000000000000       0.59414505146926555       0.41499926105052154     
   58.600000000000001       0.63286906322888603       0.38724011759620452     
   58.700000000000003       0.66869570900446951       0.35826645775583432     
   58.800000000000004       0.70151917830998611       0.32823469305516617     
   58.900000000000006       0.73124765913132728       0.29728480821341213     
   59.000000000000000       0.75780167401043275       0.26554014879105503     
   59.100000000000001       0.78111247451265009       0.23310800502217366     
   59.200000000000003       0.80112056349457128       0.20008088981921202     
   59.300000000000004       0.81777440342391450       0.16653839929343231     
   59.400000000000006       0.83102935755979523       0.13254954135880737     
   59.500000000000000       0.84084689957207681        9.8175420122815646E-002
   59.600000000000001       0.84719411646302922        6.3472168909524451E-002
   59.700000000000003       0.85004351958466529        2.8494031216360693E-002
   59.800000000000004       0.84937316911427541       -6.7035047038992365E-003
   59.900000000000006       0.84516710845076315       -4.2060606635122823E-002
   60.000000000000000       0.83741609645445136       -7.7510119963118101E-002
   60.100000000000001       0.82611861707831846      -0.11297479376132893     
   60.200000000000003       0.81128213754908252      -0.14836479529235930     
   60.300000000000004       0.79292457772443925      -0.18357559824643213     
   60.400000000000006       0.77107594453875539      -0.21848633185683880     
   60.500000000000000       0.74578007663596402      -0.25295867902791336     
   60.600000000000001       0.71709643560737468      -0.28683641028589330     
   60.700000000000003       0.68510187210440721      -0.31994563502967499     
   60.800000000000004       0.64989228805639410      -0.35209584048013109     
   60.900000000000006       0.61158411102460264      -0.38308177031791446     
   61.000000000000000       0.57031549421607319      -0.41268616808529457     
   61.100000000000001       0.52624715676178502      -0.44068337454288176     
   61.200000000000003       0.47956278437490396      -0.46684372386881079     
   61.300000000000004       0.43046892110592622      -0.49093863268977739     
   61.400000000000006       0.37919429893894196      -0.51274622166984218     
   61.500000000000000       0.32598857330608944      -0.53205725632852552     
   61.600000000000001       0.27112045855418648      -0.54868114751902963     
   61.700000000000003       0.21487528669229775      -0.56245171861888743     
   61.800000000000004       0.15755204352807645      -0.57323243164221283     
   61.900000000000006        9.9459966275085465E-002 -0.58092077252990970     
   62.000000000000000        4.0914813380275049E-002 -0.58545152894810415     
   62.100000000000001       -1.7765061748076641E-002 -0.58679875128351688     
   62.200000000000003       -7.6262688278584512E-002 -0.58497626530507874     
   62.300000000000004      -0.13426635792522559      -0.58003669646641076     
   62.400000000000006      -0.19147326415828575      -0.57206906233060151     
   62.500000000000000      -0.24759277231477778      -0.56119508156492026     
   62.600000000000001      -0.30234921495439226      -0.54756442639614455     
   62.700000000000003      -0.35548413527361949      -0.53134920319227208     
   62.800000000000004      -0.40675793313035291      -0.51273797856733438     
   62.900000000000006      -0.45595090062104870      -0.49192967490695810     
   63.000000000000000      -0.50286366475715627      -0.46912764136107621     
   63.100000000000001      -0.54731708160646531      -0.44453416849309008     
   63.200000000000003      -0.58915164788953622      -0.41834566283070862     
   63.300000000000004      -0.62822651169253674      -0.39074863803000520     
   63.400000000000006      -0.66441817353366139      -0.36191661841124684     
   63.500000000000000      -0.69761897287480790      -0.33200799341146447     
   63.600000000000001      -0.72773545405182738      -0.30116481177019450     
   63.700000000000003      -0.75468670047500364      -0.26951246423176300     
   63.800000000000004      -0.77840271787404258      -0.23716017399038986     
   63.900000000000006      -0.79882293733710674      -0.20420219463064143     
   64.000000000000000      -0.81589489780604696      -0.17071960468940167     
   64.100000000000009      -0.82957315625046424      -0.13678258444417324     
   64.200000000000003      -0.83981846246706848      -0.10245306216604191     
   64.299999999999997      -0.84659722466131460       -6.7787621942461657E-002
   64.400000000000006      -0.84988128181632927       -3.2840571550146712E-002
   64.500000000000000      -0.84964798934827757        2.3329246805175452E-003
   64.600000000000009      -0.84588061558998795        3.7673737582895890E-002
   64.700000000000003      -0.83856903807056993        7.3115775194180471E-002
   64.799999999999997      -0.82771072017400549       0.10858317896564423     
   64.900000000000006      -0.81331194038033539       0.14398779793670116     
   65.000000000000000      -0.79538923778286885       0.17922702597466486     
   65.100000000000009      -0.77397102888167202       0.21418208901196822     
   65.200000000000003      -0.74909934184303950       0.24871687038632523     
   65.299999999999997      -0.72083160569899041       0.28267736144049077     
   65.400000000000006      -0.68924242371935063       0.31589181979639802     
   65.500000000000000      -0.65442525297502785       0.34817170744322790     
   65.600000000000009      -0.61649390663970338       0.37931346335324428     
   65.700000000000003      -0.57558379268757875       0.40910113952124655     
   65.799999999999997      -0.53185280323321849       0.43730989454360258     
   65.900000000000006      -0.48548177368108858       0.46371029552129878     
   66.000000000000000      -0.43667444079669682       0.48807332884391791     
   66.100000000000009      -0.38565684416248874       0.51017596634208084     
   66.200000000000003      -0.33267613618209751       0.52980707980391206     
   66.299999999999997      -0.27799879123809795       0.54677344943999551     
   66.400000000000006      -0.22190823357960415       0.56090557658493811     
   66.500000000000000      -0.16470193422841367       0.57206299351190493     
   66.600000000000009      -0.10668805740050311       0.58013876827910571     
   66.700000000000003       -4.8181764152697676E-002  0.58506293247805430     
   66.799999999999997        1.0498697272300961E-002  0.58680461424998631     
   66.900000000000006        6.9035970722194334E-002  0.58537273449893368     
   67.000000000000000       0.12711749216994259       0.58081521447748252     
   67.100000000000009       0.18443916610220928       0.57321673932266681     
   67.200000000000003       0.24070868761823250       0.56269521516023224     
   67.299999999999997       0.29564840141320980       0.54939713794977307     
   67.400000000000006       0.34899761670110718       0.53349215287897378     
   67.500000000000000       0.40051432860900776       0.51516711907900592     
   67.600000000000009       0.44997632902300949       0.49462000414001744     
   67.700000000000003       0.49718172081080303       0.47205391787793533     
   67.799999999999997       0.54194887672344938       0.44767155912646356     
   67.900000000000006       0.58411590660135904       0.42167029877909668     
   68.000000000000000       0.62353971293769805       0.39423806336338996     
   68.100000000000009       0.66009472517239709       0.36555012234699003     
   68.200000000000003       0.69367140761877699       0.33576682446379874     
   68.299999999999997       0.72417463537295867       0.30503227754181711     
   68.400000000000006       0.75152202787401190       0.27347392501053275     
   68.500000000000000       0.77564232201513261       0.24120294141120735     
   68.600000000000009       0.79647385687150019       0.20831534856367623     
   68.700000000000003       0.81396323111231528       0.17489374240815053     
   68.799999999999997       0.82806418273662274       0.14100951624307506     
   68.900000000000006       0.83873672945479572       0.10672546718172940     
   69.000000000000000       0.84594659717633380        7.2098677215381421E-002
   69.100000000000009       0.84966495383064722        3.7183566543133741E-002
   69.200000000000003       0.84986845616508577        2.0350233443852325E-003
   69.299999999999997       0.84653960814714990       -3.3288480179358183E-002
   69.400000000000006       0.83966742098656633       -6.8721871605836024E-002
   69.500000000000000       0.82924835639525341      -0.10419064591312935     
   69.600000000000009       0.81528752633188895      -0.13960830063364460     
   69.700000000000003       0.79780011398868511      -0.17487412343203851     
   69.799999999999997       0.77681297210660494      -0.20987141882080140     
   69.900000000000006       0.75236634590094820      -0.24446626205656752     
   70.000000000000000       0.72451565913475646      -0.27850686766191690     
   70.100000000000009       0.69333329355074591      -0.31182365584010585     
   70.200000000000003       0.65891028449545630      -0.34423009055289583     
   70.299999999999997       0.62135784983850395      -0.37552434656952371     
   70.400000000000006       0.58080866603208958      -0.40549183806414396     
   70.500000000000000       0.53741780526509531      -0.43390860766994216     
   70.600000000000009       0.49136325200873576      -0.46054553256359554     
   70.700000000000003       0.44284592654435484      -0.48517325464380950     
   70.799999999999997       0.39208915773829611      -0.50756768806058739     
   70.900000000000006       0.33933756738753923      -0.52751590350756883     
   71.000000000000000       0.28485535336734924      -0.54482214020190012     
   71.100000000000009       0.22892398743217374      -0.55931365935175492     
   71.200000000000003       0.17183937413191722      -0.57084613300256526     
   71.299999999999997       0.11390854770895073      -0.57930826422966475     
   71.400000000000006        5.5446011562187252E-002 -0.58462536146763477     
   71.500000000000000       -3.2301525725716637E-003 -0.58676164134758912     
   71.600000000000009       -6.1802263338407049E-002 -0.58572110765835383     
   71.700000000000003      -0.11995695762887881      -0.58154694290471765     
   71.799999999999997      -0.17738890213728803      -0.57431944508409205     
   71.900000000000006      -0.23380416576493546      -0.56415263627647416     
   72.000000000000000      -0.28892314098420735      -0.55118975219271882     
   72.100000000000009      -0.34248292950909476      -0.53559788524887419     
   72.200000000000003      -0.39423913879977379      -0.51756209290679023     
   72.299999999999997      -0.44396706839558581      -0.49727929595812026     
   72.400000000000006      -0.49146229632443861      -0.47495227928852790     
   72.500000000000000      -0.53654070374956953      -0.45078407425130945     
   72.600000000000009      -0.57903799902219621      -0.42497295272626651     
   72.700000000000003      -0.61880881949070832      -0.39770820468512130     
   72.799999999999997      -0.65572550048614742      -0.36916680995439072     
   72.900000000000006      -0.68967660611800163      -0.33951105631854200     
   73.000000000000000      -0.72056531654378719      -0.30888710425785521     
   73.100000000000009      -0.74830776214932071      -0.27742445605533467     
   73.200000000000003      -0.77283138763438186      -0.24523625485061112     
   73.299999999999997      -0.79407341936787679      -0.21242031733494893     
   73.400000000000006      -0.81197949847899198      -0.17906079111115225     
   73.500000000000000      -0.82650253074284907      -0.14523032263857144     
   73.600000000000009      -0.83760179296517123      -0.11099262222322205     
   73.700000000000003      -0.84524232464010518       -7.6405316749339078E-002
   73.799999999999997      -0.84939462333967275       -4.1522986995675762E-002
   73.900000000000006      -0.85003465263299616       -6.4002929332344916E-003
   74.000000000000000      -0.84714416225363287        2.8904903793633273E-002
   74.100000000000009      -0.84071131158193468        6.4328506716982287E-002
   74.200000000000003      -0.83073157909586104        9.9797324860736392E-002
   74.299999999999997      -0.81720893207815137       0.13522647017709630     
   74.400000000000006      -0.80015722239870757       0.17051709679443777     
   74.500000000000000      -0.77960176554219063       0.20555456856516957     
   74.600000000000009      -0.75558105125569985       0.24020714286490819     
   74.700000000000003      -0.72814852542359676       0.27432525832103066     
   74.799999999999997      -0.69737437437270355       0.30774151050893178     
   74.900000000000006      -0.66334723528175776       0.34027139090945790     
   75.000000000000000      -0.62617575039155138       0.37171484890206391     
   75.100000000000009      -0.58598987910013800       0.40185871291413383     
   75.200000000000003      -0.54294188167090074       0.43047997429237217     
   75.299999999999997      -0.49720689205617286       0.45734989614727894     
   75.400000000000006      -0.44898300598881630       0.48223886067356553     
   75.500000000000000      -0.39849082449178908       0.50492181497027233     
   75.600000000000009      -0.34597241236467502       0.52518412127114045     
   75.700000000000003      -0.29168965556224280       0.54282756802432208     
   75.799999999999997      -0.23592202962232500       0.55767625939917798     
   75.900000000000006      -0.17896382177572798       0.56958207846597020     
   76.000000000000000      -0.12112087993090542       0.57842941844822560     
   76.100000000000009       -6.2706989916649691E-002  0.58413890014255732     
   76.200000000000003       -4.0400056948153018E-003  0.58666984221834384     
   76.299999999999997        5.4562126499506543E-002  0.58602132194321843     
   76.400000000000006       0.11278530162131101       0.58223175121804460     
   76.500000000000000       0.17032300047660015       0.57537698855289143     
   76.600000000000009       0.22687971071441843       0.56556710237818286     
   76.700000000000003       0.28217390926557390       0.55294198551155471     
   76.800000000000011       0.33594051793871282       0.53766608673138938     
   76.900000000000006       0.38793277471457610       0.51992256775863288     
   77.000000000000000       0.43792349572796330       0.49990721013387213     
   77.100000000000009       0.48570573445629595       0.47782238728332632     
   77.200000000000003       0.53109287305800867       0.45387138601712762     
   77.300000000000011       0.57391820448257969       0.42825331424570962     
   77.400000000000006       0.61403408190574660       0.40115877423166874     
   77.500000000000000       0.65131072386582922       0.37276641960082585     
   77.600000000000009       0.68563476938728818       0.34324045521458929     
   77.700000000000003       0.71690767800282817       0.31272908615540040     
   77.800000000000011       0.74504406583056559       0.28136387827737452     
   77.900000000000006       0.76997006176191862       0.24925995931353054     
   78.000000000000000       0.79162175840355808       0.21651696641639434     
   78.100000000000009       0.80994382163131429       0.18322063227756216     
   78.200000000000003       0.82488831123453632       0.14944489603222033     
   78.300000000000011       0.83641375374478499       0.11525442510248658     
   78.400000000000006       0.84448449754612231        8.0707438013373101E-002
   78.500000000000000       0.84907036996748630        4.5858724213639852E-002
   78.600000000000009       0.85014664631818870        1.0762763507023987E-002
   78.700000000000003       0.84769433168290220       -2.4523146352865066E-002
   78.800000000000011       0.84170074759793789       -5.9935840849642590E-002
   78.900000000000006       0.83216040729833718       -9.5403402996007164E-002
   79.000000000000000       0.81907615486319651      -0.13084252435140709     
   79.100000000000009       0.80246053513642635      -0.16615619726770214     
   79.200000000000003       0.78233735267429683      -0.20123182462129507     
   79.300000000000011       0.75874336918779450      -0.23593983486502304     
   79.400000000000006       0.73173008016182928      -0.27013289025965243     
   79.500000000000000       0.70136550286025290      -0.30364577301576390     
   79.600000000000009       0.66773590025440777      -0.33629602605845121     
   79.700000000000003       0.63094735920137890      -0.36788541053028834     
   79.800000000000011       0.59112713724554300      -0.39820221955835872     
   79.900000000000006       0.54842469160824270      -0.42702445637300313     
   80.000000000000000       0.50301230714916290      -0.45412384459079791     
   80.100000000000009       0.45508524809622897      -0.47927059052933907     
   80.200000000000003       0.40486137166288444      -0.50223876433344505     
   80.300000000000011       0.35258016042369666      -0.52281211239187775     
   80.400000000000006       0.29850115410757905      -0.54079006316117628     
   80.500000000000000       0.24290178930689027      -0.55599364800688778     
   80.600000000000009       0.18607468590739501      -0.56827103399495249     
   80.700000000000003       0.12832444972287585      -0.57750236184519155     
   80.800000000000011        6.9964089439609523E-002 -0.58360360283266333     
   80.900000000000006        1.1311170036078622E-002 -0.58652919403530901     
   81.000000000000000       -4.7316157929943141E-002 -0.58627327966021758     
   81.100000000000009      -0.10560310511728677      -0.58286947187343630     
   81.200000000000003      -0.16324201909327007      -0.57638913975983319     
   81.300000000000011      -0.21993585213786998      -0.56693833044599917     
   81.400000000000006      -0.27540120339769342      -0.55465351259823437     
   81.500000000000000      -0.32937084352377494      -0.53969640126081531     
   81.600000000000009      -0.38159566037296083      -0.52224816849185884     
   81.700000000000003      -0.43184599674301916      -0.50250336370058324     
   81.800000000000011      -0.47991238288287374      -0.48066386139854561     
   81.900000000000006      -0.52560569542981206      -0.45693312546938319     
   82.000000000000000      -0.56875679875973861      -0.43151103329926510     
   82.100000000000009      -0.60921574341242868      -0.40458944652690093     
   82.200000000000003      -0.64685060883258938      -0.37634865420160735     
   82.300000000000011      -0.68154608428349261      -0.34695475450903190     
   82.400000000000006      -0.71320188302494270      -0.31655798741450059     
   82.500000000000000      -0.74173108158036227      -0.28529198555419616     
   82.600000000000009      -0.76705846917426612      -0.25327387593903899     
   82.700000000000003      -0.78911898324181962      -0.22060514067553491     
   82.800000000000011      -0.80785629625091415      -0.18737313009094494     
   82.900000000000006      -0.82322160773541231      -0.15365311484498140     
   83.000000000000000      -0.83517268402900324      -0.11951076293590930     
   83.100000000000009      -0.84367317712945278       -8.5004931004494799E-002
   83.200000000000003      -0.84869224364599383       -5.0190665165410916E-002
   83.300000000000011      -0.85020447496302365       -1.5122313170297740E-002
   83.400000000000006      -0.84819014054146569        2.0143344215580020E-002
   83.500000000000000      -0.84263573753851706        5.5544030029486803E-002
   83.600000000000009      -0.83353483147243290        9.1009060660841398E-002
   83.700000000000003      -0.82088916429783998       0.12645667174592945     
   83.800000000000011      -0.80470999782429886       0.16179166473541173     
   83.900000000000006      -0.78501965180822730       0.19690346016071508     
   84.000000000000000      -0.76185318727911910       0.23166464529108244     
   84.100000000000009      -0.73526017686165479       0.26593010417464336     
   84.200000000000003      -0.70530649532048928       0.29953681541165522     
   84.300000000000011      -0.67207605575148976       0.33230439568999487     
   84.400000000000006      -0.63567241040990197       0.36403645341587776     
   84.500000000000000      -0.59622013088649672       0.39452279523405204     
   84.600000000000009      -0.55386588109551993       0.42354249790976800     
   84.700000000000003      -0.50877909921281317       0.45086781882706745     
   84.800000000000011      -0.46115221208731810       0.47626887125495071     
   84.900000000000006      -0.41120031829764930       0.49951893789668783     
   85.000000000000000      -0.35916029411471490       0.52040024182934419     
   85.100000000000009      -0.30528929983683395       0.53870994277880935     
   85.200000000000003      -0.24986269137511954       0.55426608461714399     
   85.300000000000011      -0.19317137207253046       0.56691319302589083     
   85.400000000000006      -0.13551865049996342       0.57652721572567023     
   85.500000000000000       -7.7216698986256965E-002  0.58301951513706463     
   85.600000000000009       -1.8582732395267643E-002  0.58633966590989317     
   85.700000000000003        4.0064955155655141E-002  0.58647687550922778     
   85.800000000000011        9.8410948152871644E-002  0.58345992997216500     
   85.900000000000006       0.15614651429888776       0.57735566146016104     
   86.000000000000000       0.21297311731243859       0.56826603013550825     
   86.100000000000009       0.26860551738193850       0.55632400069499888     
   86.200000000000003       0.32277436389986169       0.54168846517923208     
   86.300000000000011       0.37522821512653409       0.52453851226672388     
   86.400000000000006       0.42573495172416748       0.50506736597633373     
   86.500000000000000       0.47408258308045109       0.48347631356283632     
   86.600000000000009       0.52007947471111970       0.45996891630668596     
   86.700000000000003       0.56355405000415770       0.43474575293037987     
   86.800000000000011       0.60435403898169315       0.40799988977535451     
   86.900000000000006       0.64234536009318310       0.37991321111489978     
   87.000000000000000       0.67741072838432836       0.35065368291145310     
   87.100000000000009       0.70944808524465475       0.32037356860326388     
   87.200000000000003       0.73836894217343430       0.28920856928779493     
   87.300000000000011       0.76409672463355305       0.25727782460118698     
   87.400000000000006       0.78656519313083861       0.22468468497285526     
   87.500000000000000       0.80571700813161229       0.19151815000773703     
   87.600000000000009       0.82150249413649146       0.15785486004879190     
   87.700000000000003       0.83387864680103996       0.12376152664548472     
   87.800000000000011       0.84280841587471700        8.9297690736770782E-002
   87.900000000000006       0.84826028617337590        5.4518702986588563E-002
   88.000000000000000       0.85020816890004280        1.9478827266669101E-002
   88.100000000000009       0.84863160634762203       -1.5765625524207245E-002
   88.200000000000003       0.84351628422757330       -5.1153221200487500E-002
   88.300000000000011       0.83485483738973176       -8.6614468378415715E-002
   88.400000000000006       0.82264792633565165      -0.12206911054080150     
   88.500000000000000       0.80690555351097792      -0.15742372824673734     
   88.600000000000009       0.78764857978299063      -0.19256973727987245     
   88.700000000000003       0.76491039275650252      -0.22738187026488133     
   88.800000000000011       0.73873866977310487      -0.26171722983397611     
   88.900000000000006       0.70919716984938086      -0.29541499923724035     
   89.000000000000000       0.67636748088475052      -0.32829688964630388     
   89.100000000000009       0.64035064182666446      -0.36016839058086020     
   89.200000000000003       0.60126855488817854      -0.39082086938485938     
   89.300000000000011       0.55926510124104212      -0.42003453647136479     
   89.400000000000006       0.51450687575005150      -0.44758225490990561     
   89.500000000000000       0.46718346307953990      -0.47323412670511578     
   89.600000000000009       0.41750718948066373      -0.49676273598876142     
   89.700000000000003       0.36571230198977173      -0.51794887490892005     
   89.800000000000011       0.31205354937679319      -0.53658752612978544     
   89.900000000000006       0.25680416614295820      -0.55249383233835014     
   90.000000000000000       0.20025329074018500      -0.56550875402773204     
   90.100000000000009       0.14270287998842943      -0.57550410751755565     
   90.200000000000003        8.4464211033942416E-002 -0.58238668954487005     
   90.300000000000011        2.5854087607828279E-002 -0.58610123426114136     
   90.400000000000006       -3.2809113548369580E-002 -0.58663201156197853     
   90.500000000000000       -9.1209409320093290E-002 -0.58400295771723709     
   90.600000000000009      -0.14903704161473169      -0.57827632294638398     
   90.700000000000003      -0.20599203329849092      -0.56954991683759237     
   90.800000000000011      -0.26178734547930782      -0.55795312180816903     
   90.900000000000006      -0.31615153733189155      -0.54364191852583710     
   91.000000000000000      -0.36883085921694914      -0.52679321885057573     
   91.100000000000009      -0.41959074200092294      -0.50759882783973775     
   91.200000000000003      -0.46821667763278207      -0.48625935631859118     
   91.300000000000011      -0.51451451583656638      -0.46297838203784258     
   91.400000000000006      -0.55831022737276603      -0.43795711536199711     
   91.500000000000000      -0.59944920446468619      -0.41138977091920154     
   91.600000000000009      -0.63779518308340732      -0.38345978618721149     
   91.700000000000003      -0.67322887983906177      -0.35433696755654487     
   91.800000000000011      -0.70564643872139543      -0.32417558882333719     
   91.900000000000006      -0.73495778068878725      -0.29311341967391874     
   92.000000000000000      -0.76108494312444608      -0.26127162435658846     
   92.100000000000009      -0.78396048750885949      -0.22875544384413424     
   92.200000000000003      -0.80352604328201271      -0.19565555773153237     
   92.300000000000011      -0.81973104463098945      -0.16205001348976700     
   92.400000000000006      -0.83253170549967881      -0.12800660868689417     
   92.500000000000000      -0.84189026694255098       -9.3585614428722028E-002
   92.600000000000009      -0.84777454031048260       -5.8842733679316542E-002
   92.700000000000003      -0.85015775977455432       -2.3832194640717189E-002
   92.800000000000011      -0.84901874834135937        1.1390114331949613E-002
   92.900000000000006      -0.84434239267198452        4.6763556693748168E-002
   93.000000000000000      -0.83612041351010269        8.2219791618818344E-002
   93.100000000000009      -0.82435241015753702       0.11768003352565645     
   93.200000000000003      -0.80904714903297059       0.15305261124566463     
   93.300000000000011      -0.79022405779314864       0.18823091239821907     
   93.400000000000006      -0.76791487776095613       0.22309180032192522     
   93.500000000000000      -0.74216541859190222       0.25749459169053918     
   93.600000000000009      -0.71303735047344352       0.29128068118458705     
   93.700000000000003      -0.68060996111418492       0.32427389359258546     
   93.800000000000011      -0.64498179793924759       0.35628163174937294     
   93.900000000000006      -0.60627211101561118       0.38709686923636422     
   94.000000000000000      -0.56462201014852809       0.41650100867083106     
   94.100000000000009      -0.52019525121336407       0.44426758935164068     
   94.200000000000003      -0.47317857294185711       0.47016678271506945     
   94.300000000000011      -0.42378151669260866       0.49397056249248417     
   94.400000000000006      -0.37223567848575134       0.51545838206857286     
   94.500000000000000      -0.31879336458078744       0.53442313904963867     
   94.600000000000009      -0.26372564836385937       0.55067716216928098     
   94.700000000000003      -0.20731985592051022       0.56405792443349145     
   94.800000000000011      -0.14987653848128416       0.57443317439226071     
   94.900000000000006       -9.1706019608364581E-002  0.58170518872919574     
   95.000000000000000       -3.3124631031447520E-002  0.58581388576917059     
   95.100000000000009        2.5549228954882285E-002  0.58673859986329802     
   95.200000000000003        8.3999068620217193E-002  0.58449839665334902     
   95.300000000000011       0.14191415881229158       0.57915090192074370     
   95.400000000000006       0.19899313013034695       0.57078971318055371     
   95.500000000000000       0.25494718551443174       0.55954055384084789     
   95.600000000000009       0.30950282609495838       0.54555640580526621     
   95.700000000000003       0.36240401719807103       0.52901191103112655     
   95.800000000000011       0.41341375337824837       0.51009736180177334     
   95.900000000000006       0.46231501363524585       0.48901260256997481     
   96.000000000000000       0.50891112817797790       0.46596114542732081     
   96.100000000000009       0.55302560429434489       0.44114476116366996     
   96.200000000000003       0.59450147974969381       0.41475875455348948     
   96.300000000000011       0.63320028699416619       0.38698807244472422     
   96.400000000000006       0.66900072024418777       0.35800433250021590     
   96.500000000000000       0.70179710064813794       0.32796380403950159     
   96.600000000000009       0.73149773303746535       0.29700632389327408     
   96.700000000000003       0.75802324218989336       0.26525509152428056     
   96.800000000000011       0.78130496813934991       0.23281725949456492     
   96.900000000000006       0.80128348985388975       0.19978521714539846     
   97.000000000000000       0.81790733543197558       0.16623845578085880     
   97.100000000000009       0.83113192552426074       0.13224590092285188     
   97.200000000000003       0.84091878546185750        9.7868599375967757E-002
   97.300000000000011       0.84723505086198014        6.3162654001226531E-002
   97.400000000000006       0.85005328141785930        2.8182305558791986E-002
   97.500000000000000       0.84935158815427858       -7.0169326358067857E-003
   97.600000000000009       0.84511407053416798       -4.2375176201106389E-002
   97.700000000000003       0.83733155126408043       -7.7825192700875248E-002
   97.800000000000011       0.82600258827227424      -0.11328962991806231     
   97.900000000000006       0.81113473494276489      -0.14867853329509390     
   98.000000000000000       0.79274601115499865      -0.18388723787766187     
   98.100000000000009       0.77086653896333990      -0.21879472191658778     
   98.200000000000003       0.74554028793692317      -0.25326251026416757     
   98.300000000000011       0.71682686650209748      -0.28713421434825720     
   98.400000000000006       0.68480328748904251      -0.32023579013054942     
   98.500000000000000       0.64956562905718018      -0.35237658431862312     
   98.600000000000009       0.61123050699504078      -0.38335122062139437     
   98.700000000000003       0.56993627191061202      -0.41294235084428738     
   98.800000000000011       0.52584384594493061      -0.44092425965681453     
   98.900000000000006       0.47913711919560098      -0.46706726749329602     
   99.000000000000000       0.43002283668529706      -0.49114282510303919     
   99.100000000000009       0.37872992278614276      -0.51292913899154302     
   99.200000000000003       0.32550821138868774      -0.53221711397455018     
   99.300000000000011       0.27062657609733048      -0.54881635291357245     
   99.400000000000006       0.21437048405094400      -0.56256092046386497     
   99.500000000000000       0.15703902774999259      -0.57331456300951411     
   99.600000000000009        9.8941519227566693E-002 -0.58097508522425889     
   99.700000000000003        4.0393757528149825E-002 -0.58547761699416867     
   99.800000000000011       -1.8285898671828150E-002 -0.58679656199977970     
   99.900000000000006       -7.6780508390933894E-002 -0.58494609719105750     
   100.00000000000000      -0.13477842678882962      -0.57997918397895720     
