  0.10000000000000001       0.25921119734812420       -2.5881904510252074E-002
  0.20000000000000001       0.25418923460950310       -5.0219627386210927E-002
  0.30000000000000004       0.24690376222876334       -7.2854723807397659E-002
  0.40000000000000002       0.23753853551786716       -9.3652267108961712E-002
  0.50000000000000000       0.22628846019432194      -0.11250075323545208     
  0.60000000000000009       0.21335726703699273      -0.12931193157329221     
  0.70000000000000007       0.19895521123923821      -0.14402055797754532     
  0.80000000000000004       0.18329680563133194      -0.15658405607906276     
  0.90000000000000002       0.16659859894334006      -0.16698206687991876     
   1.0000000000000000       0.14907701251190272      -0.17521586431437325     
   1.1000000000000001       0.13094625094587686      -0.18130761566025869     
   1.2000000000000002       0.11241630394992339      -0.18529946995953478     
   1.3000000000000000        9.3691057523026117E-002 -0.18725246426897263     
   1.4000000000000001        7.4966532943165159E-002 -0.18724524579860949     
   1.5000000000000000        5.6429271249737900E-002 -0.18537261693427257     
   1.6000000000000001        3.8254879356842755E-002 -0.18174391892895142     
   1.7000000000000002        2.0606751564129767E-002 -0.17648127792712986     
   1.8000000000000000        3.6349772291249839E-003 -0.16971774335004783     
   1.9000000000000001       -1.2524558081372244E-002 -0.16159535310497228     
   2.0000000000000000       -2.7750874319937259E-002 -0.15226316238565013     
   2.1000000000000001       -4.1938401620760291E-002 -0.14187527300823030     
   2.2000000000000002       -5.4997291467022438E-002 -0.13058889846262145     
   2.3000000000000003       -6.6853541115076354E-002 -0.11856249648053918     
   2.4000000000000004       -7.7448940749880152E-002 -0.10595399634803800     
   2.5000000000000000       -8.6740855038188541E-002  -9.2919142883083880E-002
   2.6000000000000001       -9.4701852379414211E-002  -7.9609973412256743E-002
   2.7000000000000002      -0.10131919624175917       -6.6173438623449612E-002
   2.8000000000000003      -0.10659421355946180       -5.2750173177026315E-002
   2.9000000000000004      -0.11054155532626864       -3.9473417668068327E-002
   3.0000000000000000      -0.11318836433541733       -2.6468090091486891E-002
   3.1000000000000001      -0.11457336457753671       -1.3850002421193809E-002
   3.2000000000000002      -0.11474588620194939       -1.7252162441267829E-003
   3.3000000000000003      -0.11376483925144185        9.8104695050754316E-003
   3.4000000000000004      -0.11169764865915750        2.0671905922843410E-002
   3.5000000000000000      -0.10861916229576213        3.0784863633953739E-002
   3.6000000000000001      -0.10461054320494563        4.0086190908165044E-002
   3.7000000000000002       -9.9758156578629117E-002   4.8523866263165086E-002
   3.8000000000000003       -9.4152461498448192E-002   5.6056950801809266E-002
   3.9000000000000004       -8.7886916994205880E-002   6.2655445042423069E-002
   4.0000000000000000       -8.1056911522072658E-002   6.8300054721332201E-002
   4.1000000000000005       -7.3758724520077965E-002   7.2981870019946979E-002
   4.2000000000000002       -6.6088528229809984E-002   7.6701962902679874E-002
   4.2999999999999998       -5.8141437457437668E-002   7.9470907723723144E-002
   4.4000000000000004       -5.0010614365198221E-002   8.1308230922394462E-002
   4.5000000000000000       -4.1786434723892062E-002   8.2241796413061577E-002
   4.6000000000000005       -3.3555721312712047E-002   8.2307134111800143E-002
   4.7000000000000002       -2.5401049327563621E-002   8.1546719851484262E-002
   4.8000000000000007       -1.7400127762674182E-002   8.0009215648894377E-002
   4.9000000000000004       -9.6252597785029658E-003   7.7748679841712159E-002
   5.0000000000000000       -2.1428840819787557E-003   7.4823756965242100E-002
   5.1000000000000005        4.9868016541389998E-003   7.1296857361177551E-002
   5.2000000000000002        1.1710135293597112E-002   6.7233336394581122E-002
   5.3000000000000007        1.7980203574426111E-002   6.2700682808289984E-002
   5.4000000000000004        2.3756976093277850E-002   5.7767725188517367E-002
   5.5000000000000000        2.9007362571778102E-002   5.2503864785002512E-002
   5.6000000000000005        3.3705196778224970E-002   4.6978342064468673E-002
   5.7000000000000002        3.7831151120378249E-002   4.1259543421532763E-002
   5.8000000000000007        4.1372586467416053E-002   3.5414353470378072E-002
   5.9000000000000004        4.4323342200793842E-002   2.9507557333777905E-002
   6.0000000000000000        4.6683471837583229E-002   2.3601296367893876E-002
   6.1000000000000005        4.8458929821452737E-002   1.7754579838695085E-002
   6.2000000000000002        4.9661215243227766E-002   1.2022854217750300E-002
   6.3000000000000007        5.0306978343464800E-002   6.4576310023703384E-003
   6.4000000000000004        5.0417595672575755E-002   1.1061732911095226E-003
   6.5000000000000000        5.0018719748356720E-002  -3.9887592421903447E-003
   6.6000000000000005        4.9139808964193975E-002  -8.7891078416274249E-003
   6.7000000000000002        4.7813643370588195E-002  -1.3261655936057793E-002
   6.8000000000000007        4.6075831783629048E-002  -1.7378115869591468E-002
   6.9000000000000004        4.3964315471167192E-002  -2.1115163124618561E-002
   7.0000000000000000        4.1518873434117171E-002  -2.4454420370500222E-002
   7.1000000000000005        3.8780634039187085E-002  -2.7382393949300858E-002
   7.2000000000000002        3.5791597472390253E-002  -2.9890365667968332E-002
   7.3000000000000007        3.2594173171669058E-002  -3.1974243007211973E-002
   7.4000000000000004        2.9230736063537953E-002  -3.3634371081311051E-002
   7.5000000000000000        2.5743205074718337E-002  -3.4875309888196163E-002
   7.6000000000000005        2.2172647017561293E-002  -3.5705580571570451E-002
   7.7000000000000002        1.8558908560399698E-002  -3.6137384571615930E-002
   7.8000000000000007        1.4940278594145656E-002  -3.6186299662540423E-002
   7.9000000000000004        1.1353182898281390E-002  -3.5870956958642661E-002
   8.0000000000000000        7.8319125971548168E-003  -3.5212703011265736E-002
   8.0999999999999996        4.4083874857781518E-003  -3.4235251113766643E-002
   8.2000000000000011        1.1119548978991908E-003  -3.2964325878789606E-002
   8.3000000000000007       -2.0307756072733651E-003  -3.1427305051725557E-002
   8.4000000000000004       -4.9960618450729227E-003  -2.9652862377995571E-002
   8.5000000000000000       -7.7631233603729652E-003  -2.7670615153000424E-002
   8.5999999999999996       -1.0314201346057005E-002  -2.5510779856840395E-002
   8.7000000000000011       -1.2634585247741706E-002  -2.3203839016847021E-002
   8.8000000000000007       -1.4712607463327122E-002  -2.0780222155854153E-002
   8.9000000000000004       -1.6539607801280970E-002  -1.8270003379538463E-002
   9.0000000000000000       -1.8109869585141818E-002  -1.5702617838608480E-002
   9.0999999999999996       -1.9420529482873237E-002  -1.3106598977314176E-002
   9.2000000000000011       -2.0471463298305754E-002  -1.0509338154325166E-002
   9.3000000000000007       -2.1265150088346330E-002  -7.9368679004057502E-003
   9.4000000000000004       -2.1806517064708032E-002  -5.4136697636170293E-003
   9.5000000000000000       -2.2102767803737471E-002  -2.9625073902944114E-003
   9.6000000000000014       -2.2163196323866770E-002  -6.0428520129300145E-004
   9.7000000000000011       -2.1998989598843954E-002   1.6420672502281495E-003
   9.8000000000000007       -2.1623021057876082E-002   3.7596854096787133E-003
   9.9000000000000004       -2.1049637582904714E-002   5.7338347497136663E-003
   10.000000000000000       -2.0294442450218272E-002   7.5519513268644247E-003
   10.100000000000001       -1.9374076580307504E-002   9.2036586991076849E-003
   10.200000000000001       -1.8306000358117532E-002   1.0680762221899735E-002
   10.300000000000001       -1.7108278167480166E-002   1.1977221906373658E-002
   10.400000000000000       -1.5799367650371685E-002   1.3089105171084813E-002
   10.500000000000000       -1.4397915555596939E-002   1.4014520947747459E-002
   10.600000000000001       -1.2922561884432561E-002   1.4753536711643775E-002
   10.700000000000001       -1.1391753874572514E-002   1.5308080098600465E-002
   10.800000000000001       -9.8235711903293006E-003   1.5681826842432137E-002
   10.900000000000000       -8.2355635083867958E-003   1.5880076819425045E-002
   11.000000000000000       -6.6446015064094404E-003   1.5909620019773557E-002
   11.100000000000001       -5.0667420784057818E-003   1.5778594280036588E-002
   11.200000000000001       -3.5171084178059211E-003   1.5496336605998607E-002
   11.300000000000001       -2.0097854285693038E-003   1.5073229892366171E-002
   11.400000000000000       -5.5773074803882271E-004   1.4520546805304809E-002
   11.500000000000000        8.2729850565637286E-004   1.3850292536951955E-002
   11.600000000000001        2.1348033125539482E-003   1.3075048068975753E-002
   11.700000000000001        3.3555848621963031E-003   1.2207815496423550E-002
   11.800000000000001        4.4817715487074031E-003   1.1261866865111004E-002
   11.900000000000000        5.5068313354425594E-003   1.0250597867351562E-002
   12.000000000000000        6.4255700978123002E-003   9.1873876236974079E-003
   12.100000000000001        7.2341166632488912E-003   8.0854656543659122E-003
   12.200000000000001        7.9298953647445204E-003   6.9577870149562905E-003
   12.300000000000001        8.5115870086111718E-003   5.8169164386665147E-003
   12.400000000000000        8.9790792279278390E-003   4.6749221931666647E-003
   12.500000000000000        9.3334072505412979E-003   3.5432802261345857E-003
   12.600000000000001        9.5766861546066912E-003   2.4327890406539406E-003
   12.700000000000001        9.7120357157590848E-003   1.3534956115239341E-003
   12.800000000000001        9.7434989684799644E-003   3.1463252720879959E-004
   12.900000000000000        9.6759556105503464E-003  -6.7543357929618353E-004
   13.000000000000000        9.5150313742426371E-003  -1.6092423630770885E-003
   13.100000000000001        9.2670044717533661E-003  -2.4802690248927027E-003
   13.200000000000001        8.9387101960419785E-003  -3.2829427571138699E-003
   13.300000000000001        8.5374447224972720E-003  -4.0126547354470739E-003
   13.400000000000000        8.0708691125292980E-003  -4.6657560996797472E-003
   13.500000000000000        7.5469144681445154E-003  -5.2395464438478295E-003
   13.600000000000001        6.9736891276978887E-003  -5.7322534044662657E-003
   13.700000000000001        6.3593887282399420E-003  -6.1430039945794684E-003
   13.800000000000001        5.7122098901137694E-003  -6.4717883812617227E-003
   13.900000000000000        5.0402682056350095E-003  -6.7194168447875964E-003
   14.000000000000000        4.3515211367310732E-003  -6.8874706890393678E-003
   14.100000000000001        3.6536963472369862E-003  -6.9782478949408687E-003
   14.200000000000001        2.9542259150368601E-003  -6.9947043220012599E-003
   14.300000000000001        2.2601867882677882E-003  -6.9403912676907174E-003
   14.400000000000000        1.5782477691978845E-003  -6.8193901906990371E-003
   14.500000000000000        9.1462322994150251E-004  -6.6362453925638198E-003
   14.600000000000001        2.7503368662371605E-004  -6.3958954331778638E-003
   14.700000000000001       -3.3532671635974403E-004  -6.1036040298346004E-003
   14.800000000000001       -9.1181583209327607E-004  -5.7648911573353204E-003
   14.900000000000000       -1.4503623349826839E-003  -5.3854650288940780E-003
   15.000000000000000       -1.9474778944626456E-003  -4.9711555947996172E-003
   15.100000000000001       -2.4002629093342158E-003  -4.5278501487157029E-003
   15.200000000000001       -2.8064060674164314E-003  -4.0614315808221559E-003
   15.300000000000001       -3.1641780437587168E-003  -3.5777197634228545E-003
   15.400000000000000       -3.4724196936459784E-003  -3.0824164988726152E-003
   15.500000000000000       -3.7305251338846913E-003  -2.5810544023871299E-003
   15.600000000000001       -3.9384201373009586E-003  -2.0789500341626766E-003
   15.700000000000001       -4.0965362909890545E-003  -1.5811615368809576E-003
   15.800000000000001       -4.2057813886602130E-003  -1.0924509767115875E-003
   15.900000000000000       -4.2675065415517226E-003  -6.1725152891509735E-004
   16.000000000000000       -4.2834705009133110E-003  -1.5963959361588558E-004
   16.100000000000001       -4.2558016882869483E-003   2.7668812626362876E-004
   16.199999999999999       -4.1869584278763066E-003   6.8843260410641658E-004
   16.300000000000001       -4.0796878685406286E-003   1.0727055933567849E-003
   16.400000000000002       -3.9369840716557761E-003   1.4270379688485237E-003
   16.500000000000000       -3.7620457256029253E-003   1.7493834605285085E-003
   16.600000000000001       -3.5582339283369386E-003   2.0381179726598675E-003
   16.699999999999999       -3.3290304567356707E-003   2.2920347160126794E-003
   16.800000000000001       -3.0779969156367300E-003   2.5103354109894051E-003
   16.900000000000002       -2.8087351310382511E-003   2.6926178459847900E-003
   17.000000000000000       -2.5248491212894520E-003   2.8388600974879898E-003
   17.100000000000001       -2.2299089476411358E-003   2.9494017364831634E-003
   17.199999999999999       -1.9274167116791671E-003   3.0249223596196867E-003
   17.300000000000001       -1.6207749323322166E-003   3.0664177934695055E-003
   17.400000000000002       -1.3132574997253440E-003   3.0751743260687258E-003
   17.500000000000000       -1.0079833675264000E-003   3.0527413219894385E-003
   17.600000000000001       -7.0789310996904225E-004   3.0009025755735773E-003
   17.699999999999999       -4.1572843478108562E-004   2.9216467518795664E-003
   17.800000000000001       -1.3401470912446662E-004   2.8171372565661897E-003
   17.900000000000002        1.3495347733655455E-004   2.6896818646102117E-003
   18.000000000000000        3.8912371970525552E-004   2.5417024236870098E-003
   18.100000000000001        6.2669421285666905E-004   2.3757049315141347E-003
   18.199999999999999        8.4611923963216415E-004   2.1942502677549515E-003
   18.300000000000001        1.0461118236821491E-003   1.9999258404998503E-003
   18.400000000000002        1.2256436622008341E-003   1.7953183851868490E-003
   18.500000000000000        1.3839424752401842E-003   1.5829881303935014E-003
   18.600000000000001        1.5204869272929323E-003   1.3654445205274796E-003
   18.699999999999999        1.6349992933287530E-003   1.1451236603582068E-003
   18.800000000000001        1.7274360554140229E-003   9.2436762085269819E-004
   18.900000000000002        1.7979766274321047E-003   7.0540572018081829E-004
   19.000000000000000        1.8470104142622181E-003   4.9033786830113323E-004
   19.100000000000001        1.8751224181098335E-003   2.8112003847615357E-004
   19.200000000000003        1.8830776085724480E-003   7.9551904626144662E-005
   19.300000000000001        1.8718042745551353E-003  -1.1273334017312795E-004
   19.400000000000002        1.8423765754233838E-003  -2.9427699131751467E-004
   19.500000000000000        1.7959965059167735E-003  -4.6380069506610184E-004
   19.600000000000001        1.7339754844816122E-003  -6.2021021435161420E-004
   19.700000000000003        1.6577157679625476E-003  -7.6259716519064497E-004
   19.800000000000001        1.5686918871822076E-003  -8.9023880780339992E-004
   19.900000000000002        1.4684322880027750E-003  -1.0025959917943261E-003
   20.000000000000000        1.3585013511795705E-003  -1.0993093682320459E-003
   20.100000000000001        1.2404819518643125E-003  -1.1801939931525801E-003
   20.200000000000003        1.1159587061775873E-003  -1.2452324568672513E-003
   20.300000000000001        9.8650203802971349E-004  -1.2945666814787387E-003
   20.400000000000002        8.5365318450901983E-004  -1.3284885352069366E-003
   20.500000000000000        7.1891024285606622E-004  -1.3474294165295359E-003
   20.600000000000001        5.8371534647645924E-004  -1.3519489637960696E-003
   20.700000000000003        4.4944304178254400E-004  -1.3427230469391523E-003
   20.800000000000001        3.1738992205681085E-004  -1.3205311972573314E-003
   20.900000000000002        1.8876555915008412E-004  -1.2862436290672673E-003
   21.000000000000000        6.4684758808403149E-005  -1.2408080034168095E-003
   21.100000000000001       -5.3838849103826728E-005  -1.1852360791222987E-003
   21.200000000000003       -1.6589788812966695E-004  -1.1205903902584021E-003
   21.300000000000001       -2.7069499633052826E-004  -1.0479710820086130E-003
   21.400000000000002       -3.6754529919110022E-004  -9.6850302860571925E-004
   21.500000000000000       -4.5587763399948511E-004  -8.8332334808384873E-004
   21.600000000000001       -5.3523457588536012E-004  -7.9356941885874949E-004
   21.700000000000003       -6.0527132517364083E-004  -7.0036749288280740E-004
   21.800000000000001       -6.6575352411534308E-004  -6.0482198941702277E-004
   21.900000000000002       -7.1655407836060750E-004  -5.0800554245264461E-004
   22.000000000000000       -7.5764906472319349E-004  -4.1094986362585998E-004
   22.100000000000001       -7.8911281184527635E-004  -3.1463747122082889E-004
   22.200000000000003       -8.1111224431176863E-004  -2.1999432466492260E-004
   22.300000000000001       -8.2390058360120731E-004  -1.2788339289438659E-004
   22.400000000000002       -8.2781050102228486E-004  -3.9099174210775281E-005
   22.500000000000000       -8.2324681850754215E-004   4.5636825147427485E-005
   22.600000000000001       -8.1067885286336685E-004   1.2567965644175316E-004
   22.700000000000003       -7.9063249786073049E-004   2.0046355002636404E-004
   22.800000000000001       -7.6368213645332554E-004   2.6950361407404957E-004
   22.900000000000002       -7.3044247249406979E-004   3.3239663959255708E-004
   23.000000000000000       -6.9156036765737755E-004   3.8882104836692285E-004
   23.100000000000001       -6.4770676493718397E-004   4.3853602720193602E-004
   23.200000000000003       -5.9956877515650916E-004   4.8137989780674831E-004
   23.300000000000001       -5.4784199747252729E-004   5.1726777683981835E-004
   23.400000000000002       -4.9322313897205976E-004   5.4618858500467542E-004
   23.500000000000000       -4.3640299220687153E-004   5.6820146765188212E-004
   23.600000000000001       -3.7805982299639383E-004   5.8343169210477695E-004
   23.700000000000003       -3.1885321410653574E-004   5.9206608889858091E-004
   23.800000000000001       -2.5941840357413345E-004   5.9434810532402269E-004
   23.900000000000002       -2.0036114956170715E-004   5.9057254012426306E-004
   24.000000000000000       -1.4225314676769078E-004   5.8108002794016373E-004
   24.100000000000001       -8.5628012650496022E-005   5.6625134117194750E-004
   24.200000000000003       -3.0977855113702447E-005   5.4650157536793571E-004
   24.300000000000001        2.1249573097338926E-005   5.2227428211041368E-004
   24.400000000000002        7.0653134166870826E-005   4.9403561069531895E-004
   24.500000000000000        1.1687998584184524E-004   4.6226851674974407E-004
   24.600000000000001        1.5962669507731364E-004   4.2746709235468386E-004
   24.700000000000003        1.9863980190701447E-004   3.9013106829700824E-004
   24.800000000000001        2.3371585538922325E-004   3.5076053482208775E-004
   24.900000000000002        2.6470094766470651E-004   3.0985092275483242E-004
   25.000000000000000        2.9148977588067966E-004   2.6788828215973170E-004
   25.100000000000001        3.1402426496832537E-004   2.2534489087645723E-004
   25.200000000000003        3.3229178700351609E-004   1.8267522035190719E-004
   25.300000000000001        3.4632301512806368E-004   1.4031228124547585E-004
   25.400000000000002        3.5618945176433300E-004   9.8664366362693264E-005
   25.500000000000000        3.6200067212646236E-004   5.8112203621293385E-005
   25.600000000000001        3.6390132482828425E-004   1.9006527018219014E-005
   25.700000000000003        3.6206793172704777E-004  -1.8333931012364830E-005
   25.800000000000001        3.5670552904271038E-004  -5.3624026843374054E-005
   25.900000000000002        3.4804419127780739E-004  -8.6613377649029811E-005
   26.000000000000000        3.3633547855863857E-004  -1.1708712719168824E-004
   26.100000000000001        3.2184884675325314E-004  -1.4486631805385450E-004
   26.200000000000003        3.0486805812616986E-004  -1.6980788627083288E-004
   26.300000000000001        2.8568762839640540E-004  -1.9180429729764457E-004
   26.400000000000002        2.6460934390802691E-004  -2.1078284488378478E-004
   26.500000000000000        2.4193888023586616E-004  -2.2670463672160748E-004
   26.600000000000001        2.1798255096855770E-004  -2.3956329267308451E-004
   26.700000000000003        1.9304421267219199E-004  -2.4938338296365698E-004
   26.800000000000001        1.6742234917591265E-004  -2.5621863496279334E-004
   26.900000000000002        1.4140735537050963E-004  -2.6014993805403012E-004
   27.000000000000000        1.1527903770638431E-004  -2.6128317664125312E-004
   27.100000000000001        8.9304345550954710E-005  -2.5974692155429603E-004
   27.200000000000003        6.3735344548974081E-005  -2.5569001001980631E-004
   27.300000000000001        3.8807440152034249E-005  -2.4927904396939831E-004
   27.400000000000002        1.4737856573518473E-005  -2.4069583578515774E-004
   27.500000000000000       -8.2756263918013615E-006  -2.3013482965319833E-004
   27.600000000000001       -3.0055678944938136E-005  -2.1780052553136773E-004
   27.700000000000003       -5.0446172081013946E-005  -2.0390493136075805E-004
   27.800000000000001       -6.9312678839689786E-005  -1.8866506758675834E-004
   27.900000000000002       -8.6542733472589928E-005  -1.7230054632900137E-004
   28.000000000000000       -1.0204585804019946E-004  -1.5503124567609522E-004
   28.100000000000001       -1.1575336780079758E-004  -1.3707509760598117E-004
   28.200000000000003       -1.2761796839794274E-004  -1.1864600597145172E-004
   28.300000000000001       -1.3761315928471527E-004  -9.9951908867725362E-005
   28.400000000000002       -1.4573245903864543E-004  -8.1192997539301451E-005
   28.500000000000000       -1.5198846921965104E-004  -6.2560101810056138E-005
   28.600000000000001       -1.5641179420526155E-004  -4.4233249856105039E-005
   28.700000000000003       -1.5904983500591652E-004  -2.6380408006549626E-005
   28.800000000000001       -1.5996547542318533E-004  -9.1564041726881563E-006
   28.900000000000002       -1.5923567907218111E-004   7.2979635100423019E-006
   29.000000000000000       -1.5695001575473459E-004   2.2856633174465295E-005
   29.100000000000001       -1.5320913545205671E-004   3.7408803026778853E-005
   29.200000000000003       -1.4812320781598594E-004   5.0859276360707521E-005
   29.300000000000001       -1.4181034448897535E-004   6.3128633270105811E-005
   29.400000000000002       -1.3439502088817860E-004   7.4153236007967543E-005
   29.500000000000000       -1.2600651326258563E-004   8.3885076255929604E-005
   29.600000000000001       -1.1677736588898093E-004   9.2291473736046920E-005
   29.700000000000003       -1.0684190222782082E-004   9.9354636611601215E-005
   29.800000000000001       -9.6334792729473186E-005   1.0507109498347623E-004
   29.900000000000002       -8.5389690780238246E-005   1.0945101949234932E-004
   30.000000000000000       -7.4137947021700356E-005   1.1251743758537884E-004
   30.100000000000001       -6.2707410981551520E-005   1.1430536040148837E-004
   30.200000000000003       -5.1221327634005575E-005   1.1486083347545945E-004
   30.300000000000001       -3.9797335177720850E-005   1.1423992456284728E-004
   30.400000000000002       -2.8546568992578203E-005   1.1250766185142646E-004
   30.500000000000000       -1.7572875426805679E-005   1.0973693565772524E-004
   30.600000000000001       -6.9721377850627684E-006   1.0600737641742910E-004
   30.700000000000003        3.1682843524430582E-006   1.0140422137505827E-004
   30.800000000000001        1.2770002539549217E-005   9.6017181871061586E-005
   30.900000000000002        2.1763934791908046E-005   8.9939322523588302E-005
   31.000000000000000        3.0090531083747036E-005   8.3265962918389891E-005
   31.100000000000001        3.7699892250202012E-005   7.6093611664549771E-005
   31.200000000000003        4.4551786435921526E-005   6.8518941857195111E-005
   31.300000000000001        5.0615568048143228E-005   6.0637816122217023E-005
   31.400000000000002        5.5870004899488535E-005   5.2544368513453074E-005
   31.500000000000000        6.0303019859562354E-005   4.4330149600738160E-005
   31.600000000000001        6.3911353873402334E-005   3.6083340138399834E-005
   31.700000000000003        6.6700157648251382E-005   2.7888037748490546E-005
   31.800000000000001        6.8682519658370037E-005   1.9823620101186599E-005
   31.900000000000002        6.9878938371939055E-005   1.1964187135690186E-005
   32.000000000000000        7.0316746766678939E-005   4.3780839473988288E-006
   32.100000000000001        7.0029497274594498E-005  -2.8724949208443854E-006
   32.200000000000003        6.9056315284940731E-005  -9.7318198965377210E-006
   32.300000000000004        6.7441229242469090E-005  -1.6150860424716342E-005
   32.399999999999999        6.5232485210207585E-005  -2.2087440322615030E-005
   32.500000000000000        6.2481853527919715E-005  -2.7506316822878666E-005
   32.600000000000001        5.9243934894873595E-005  -3.2379186330461236E-005
   32.700000000000003        5.5575472844877601E-005  -3.6684620499959922E-005
   32.800000000000004        5.1534679169218720E-005  -4.0407936756588817E-005
   32.899999999999999        4.7180578385878707E-005  -4.3541007833400129E-005
   33.000000000000000        4.2572376858021946E-005  -4.6082015278567593E-005
   33.100000000000001        3.7768861638106399E-005  -4.8035152199155429E-005
   33.200000000000003        3.2827833562895360E-005  -4.9410280752110351E-005
   33.300000000000004        2.7805578555874886E-005  -5.0222550070204746E-005
   33.399999999999999        2.2756380513682514E-005  -5.0491980421923702E-005
   33.500000000000000        1.7732078568482577E-005  -5.0243019451999358E-005
   33.600000000000001        1.2781670934867104E-005  -4.9504076336154722E-005
   33.700000000000003        7.9509669735872142E-006  -4.8307039612798891E-005
   33.800000000000004        3.2822885406362846E-006  -4.6686784329509292E-005
   33.899999999999999       -1.1857788560734023E-006  -4.4680673967096866E-005
   34.000000000000000       -5.4185850943868734E-006  -4.2328062383134708E-005
   34.100000000000001       -9.3855651698410679E-006  -3.9669800754541941E-005
   34.200000000000003       -1.3060340589825520E-005  -3.6747754199844517E-005
   34.300000000000004       -1.6420773832916205E-005  -3.3604332430906864E-005
   34.399999999999999       -1.9448977675530575E-005  -3.0282038426143695E-005
   34.500000000000000       -2.2131281549271180E-005  -2.6823038737406065E-005
   34.600000000000001       -2.4458157413850111E-005  -2.3268758645789305E-005
   34.700000000000003       -2.6424107911085981E-005  -1.9659504972358680E-005
   34.800000000000004       -2.8027519804379947E-005  -1.6034118932939651E-005
   34.899999999999999       -2.9270485905002109E-005  -1.2429661006221620E-005
   35.000000000000000       -3.0158598841584937E-005  -8.8811293658282916E-006
   35.100000000000001       -3.0700720142968493E-005  -5.4212130138355577E-006
   35.200000000000003       -3.0908728177901416E-005  -2.0800803493292053E-006
   35.300000000000004       -3.0797248529357891E-005   1.1147964854352529E-006
   35.399999999999999       -3.0383370377996648E-005   4.1387815136124415E-006
   35.500000000000000       -2.9686352430470248E-005   6.9701794752640108E-006
   35.600000000000001       -2.8727321856059069E-005   9.5903057441118024E-006
   35.700000000000003       -2.7528969591847367E-005   1.1983522642116995E-005
   35.800000000000004       -2.6115245244962552E-005   1.4137243468848171E-005
   35.899999999999999       -2.4511054663002033E-005   1.6041905819605173E-005
   36.000000000000000       -2.2741963063534063E-005   1.7690915994679682E-005
   36.100000000000001       -2.0833906413423758E-005   1.9080566501103067E-005
   36.200000000000003       -1.8812913531699799E-005   2.0209928817239574E-005
   36.300000000000004       -1.6704841158756138E-005   2.1080723729436601E-005
   36.399999999999999       -1.4535123992879868E-005   2.1697171658762694E-005
   36.500000000000000       -1.2328541445373731E-005   2.2065825475061366E-005
   36.600000000000001       -1.0109002610792287E-005   2.2195388345814440E-005
   36.700000000000003       -7.8993506918337134E-006   2.2096519189585726E-005
   36.800000000000004       -5.7211878619055539E-006   2.1781628299281594E-005
   36.899999999999999       -3.5947212948550590E-006   2.1264665670504946E-005
   37.000000000000000       -1.5386308432086159E-006   2.0560904516464431E-005
   37.100000000000001        4.3004139428758519E-007   1.9686722374962010E-005
   37.200000000000003        2.2959796059661005E-006   1.8659382116785152E-005
   37.300000000000004        4.0456611110010488E-006   1.7496815050349484E-005
   37.399999999999999        5.6674019296743499E-006   1.6217408186733008E-005
   37.500000000000000        7.1513816881175456E-006   1.4839797584431957E-005
   37.600000000000001        8.4896486417580163E-006   1.3382669536404702E-005
   37.700000000000003        9.6761057612999018E-006   1.1864571195418863E-005
   37.800000000000004        1.0706478967253204E-005   1.0303732059533028E-005
   37.899999999999999        1.1578268723238355E-005   8.7178975598515105E-006
   38.000000000000000        1.2290686304194452E-005   7.1241758095609680E-006
   38.100000000000001        1.2844576143063894E-005   5.5388983886944180E-006
   38.200000000000003        1.3242325728562756E-005   3.9774958549886264E-006
   38.300000000000004        1.3487764577504918E-005   2.4543884894216219E-006
   38.400000000000006        1.3586053838229012E-005   9.8289260724094394E-007
   38.500000000000000        1.3543568097538791E-005  -4.2485740690220901E-007
   38.600000000000001        1.3367770962911834E-005  -1.7579713462695731E-006
   38.700000000000003        1.3067085975391088E-005  -3.0068498752074650E-006
   38.800000000000004        1.2650764377496187E-005  -4.1632159789490144E-006
   38.900000000000006        1.2128751215724442E-005  -5.2201316177174378E-006
   39.000000000000000        1.1511551199887015E-005  -6.1720001583742728E-006
   39.100000000000001        1.0810095672845131E-005  -7.0145552704188369E-006
   39.200000000000003        1.0035611965428996E-005  -7.7448370741613534E-006
   39.300000000000004        9.1994963237310624E-006  -8.3611564169793395E-006
   39.400000000000006        8.3131915008820124E-006  -8.8630482284905012E-006
   39.500000000000000        7.3880700041675521E-006  -9.2512149671446015E-006
   39.600000000000001        6.4353238822478114E-006  -9.5274612191974068E-006
   39.700000000000003        5.4658618276020238E-006  -9.6946205464578748E-006
   39.800000000000004        4.4902142574127771E-006  -9.7564757018924631E-006
   39.900000000000006        3.5184469231590162E-006  -9.7176733425376078E-006
   40.000000000000000        2.5600834863864256E-006  -9.5836343677259037E-006
   40.100000000000001        1.6240373865886285E-006  -9.3604609979779710E-006
   40.200000000000003        7.1855321791484197E-007  -9.0548416867378647E-006
   40.300000000000004       -1.4884227450440303E-007  -8.6739549241924491E-006
   40.400000000000006       -9.7137956955764163E-007  -8.2253729505323869E-006
   40.500000000000000       -1.7430762041626434E-006  -7.7169663460500178E-006
   40.600000000000001       -2.4587572449957774E-006  -7.1568104083313410E-006
   40.700000000000003       -3.1140666613373220E-006  -6.5530941634154435E-006
   40.800000000000004       -3.7054699402484663E-006  -5.9140327891114423E-006
   40.900000000000006       -4.2302483558116532E-006  -5.2477841556318707E-006
   41.000000000000000       -4.6864853670386907E-006  -4.5623701122703735E-006
   41.100000000000001       -5.0730456740341607E-006  -3.8656030699547009E-006
   41.200000000000003       -5.3895475089397329E-006  -3.1650183490557256E-006
   41.300000000000004       -5.6363287770108905E-006  -2.4678126807115752E-006
   41.400000000000006       -5.8144076939086796E-006  -1.7807891689778915E-006
   41.500000000000000       -5.9254385880228198E-006  -1.1103089411414053E-006
   41.600000000000001       -5.9716635515513714E-006  -4.6224963528552035E-007
   41.700000000000003       -5.9558606313883367E-006   1.5802920163034366E-007
   41.800000000000004       -5.8812892509199232E-006   7.4571380468413909E-007
   41.900000000000006       -5.7516335469660695E-006   1.2965570395385341E-006
   42.000000000000000       -5.5709442927405648E-006   1.8068925422550434E-006
   42.100000000000001       -5.3435800582992180E-006   2.2736423444134660E-006
   42.200000000000003       -5.0741482349972006E-006   2.6943182330201714E-006
   42.300000000000004       -4.7674465205105301E-006   3.0670171448667052E-006
   42.400000000000006       -4.4284054265432681E-006   3.3904109396726172E-006
   42.500000000000000       -4.0620323330090816E-006   3.6637309353418653E-006
   42.600000000000001       -3.6733575708216252E-006   3.8867476218745626E-006
   42.700000000000003       -3.2673829710354081E-006   4.0597459978621704E-006
   42.800000000000004       -2.8490332715282058E-006   4.1834969950720216E-006
   42.900000000000006       -2.4231107242811202E-006   4.2592254724708553E-006
   43.000000000000000       -1.9942531971536014E-006   4.2885752712751880E-006
   43.100000000000001       -1.5668960144109358E-006   4.2735718274266569E-006
   43.200000000000003       -1.1452377306613006E-006   4.2165828374963536E-006
   43.300000000000004       -7.3320998379253647E-007   4.1202774686876410E-006
   43.400000000000006       -3.3445152442928588E-007   3.9875845936325058E-006
   43.500000000000000        4.7713527210094960E-008   3.8216505163938083E-006
   43.600000000000001        4.1029319099540584E-007   3.6257966378531083E-006
   43.700000000000003        7.5064093968149721E-007   3.4034774868609137E-006
   43.800000000000004        1.0664648915364697E-006   3.1582395185497253E-006
   43.900000000000006        1.3558329968833309E-006   2.8936810534686122E-006
   44.000000000000000        1.6171743669940200E-006   2.6134137011068903E-006
   44.100000000000001        1.8492769249292415E-006   2.3210255793522145E-006
   44.200000000000003        2.0512815857184201E-006   2.0200466078917850E-006
   44.300000000000004        2.2226731976109699E-006   1.7139161189254977E-006
   44.400000000000006        2.3632684969328009E-006   1.4059529932183088E-006
   44.500000000000000        2.4732013463192343E-006   1.0993284938643331E-006
   44.600000000000001        2.5529055397731789E-006   7.9704193453944503E-007
   44.700000000000003        2.6030954681567220E-006   5.0189928383543215E-007
   44.800000000000004        2.6247449454395503E-006   2.1649477282828229E-007
   44.900000000000006        2.6190644994038718E-006  -5.6804460356785515E-008
   45.000000000000000        2.5874774306759686E-006  -3.1587068727903403E-007
   45.100000000000001        2.5315949410777295E-006  -5.5882489598239045E-007
   45.200000000000003        2.4531906265486522E-006  -7.8404314529077344E-007
   45.300000000000004        2.3541746214805667E-006  -9.9016005068085397E-007
   45.400000000000006        2.2365676704511015E-006  -1.1760695102946506E-006
   45.500000000000000        2.1024753902686175E-006  -1.3409228018248417E-006
   45.600000000000001        1.9540629701925867E-006  -1.4841242007603065E-006
   45.700000000000003        1.7935305414184440E-006  -1.6053242877414255E-006
   45.800000000000004        1.6230894286688337E-006  -1.7044111274961025E-006
   45.900000000000006        1.4449394772700228E-006  -1.7814995139881095E-006
   46.000000000000000        1.2612476286684571E-006  -1.8369184860156560E-006
   46.100000000000001        1.0741278962102886E-006  -1.8711973245816857E-006
   46.200000000000003        8.8562287141292761E-007  -1.8850502479736095E-006
   46.300000000000004        6.9768686914130661E-007  -1.8793600227162102E-006
   46.400000000000006        5.1217079829185409E-007  -1.8551607084945248E-006
   46.500000000000000        3.3080882300195591E-007  -1.8136197528989819E-006
   46.600000000000001        1.5520685824653313E-007  -1.7560196475542276E-006
   46.700000000000003       -1.3167076853583833E-008  -1.6837393510011695E-006
   46.800000000000004       -1.7299064443015911E-007  -1.5982356757657526E-006
   46.900000000000006       -3.2309312718360406E-007  -1.5010248275344493E-006
   47.000000000000000       -4.6245955452754075E-007  -1.3936642734393670E-006
   47.100000000000001       -5.9023306495900537E-007  -1.2777351043146462E-006
   47.200000000000003       -7.0571556921930701E-007  -1.1548250426030167E-006
   47.300000000000004       -8.0836679257440109E-007  -1.0265122335509410E-006
   47.400000000000006       -8.9780178683599740E-007  -8.9434994261596264E-007
   47.500000000000000       -9.7378701351615509E-007  -7.5985226680157680E-007
   47.600000000000001       -1.0362351087271450E-006  -6.2448095210989782E-007
   47.700000000000003       -1.0851984480903156E-006  -4.8963339363170695E-007
   47.800000000000004       -1.1208616360044267E-006  -3.5663187914111137E-007
   47.900000000000006       -1.1435330481627904E-006  -2.2671412158363661E-007
   48.000000000000000       -1.1536355592316103E-006  -1.0102511068820066E-007
   48.100000000000001       -1.1516965891546758E-006   1.9389700769344830E-008
   48.200000000000003       -1.1383376016900437E-006   1.3358987464631972E-007
   48.300000000000004       -1.1142631875817455E-006   2.4074414108298351E-007
   48.400000000000006       -1.0802498623030469E-006   3.4013325278698578E-007
   48.500000000000000       -1.0371347046652549E-006   4.3115157637792015E-007
   48.600000000000001       -9.8580395786270179E-007   5.1330746802553106E-007
   48.700000000000003       -9.2718170882165089E-007   5.8622249041050874E-007
   48.800000000000004       -8.6221875514443737E-007   6.4962953677213510E-007
   48.900000000000006       -7.9188176159964120E-007   7.0336993544796143E-007
   49.000000000000000       -7.1714280011608927E-007   7.4738961483551918E-007
   49.100000000000001       -6.3896935870555469E-007   7.8173441410534599E-007
   49.200000000000003       -5.5831489577849173E-007   8.0654462927062970E-007
   49.300000000000004       -4.7611000703999728E-007   8.2204888738494441E-007
   49.400000000000006       -3.9325426266802779E-007   8.2855744371969519E-007
   49.500000000000000       -3.1060876288797657E-007   8.2645499780051216E-007
   49.600000000000001       -2.2898945046804818E-007   8.1619312419928373E-007
   49.700000000000003       -1.4916120916443576E-007   7.9828241303612415E-007
   49.800000000000004       -7.1832767834359608E-008   7.7328441330076146E-007
   49.900000000000006        2.3475791075563334E-009   7.4180346941915936E-007
   50.000000000000000        7.2795432911300900E-008   7.0447853803744570E-007
   50.100000000000001        1.3899293969574524E-007   6.6197506784444330E-007
   50.200000000000003        2.0049064174400990E-007   6.1497702048264669E-007
   50.300000000000004        2.5690855227242128E-007   5.6417910528411353E-007
   50.400000000000006        3.0793648175168788E-007   5.1027929479266600E-007
   50.500000000000000        3.5333364993947431E-007   4.5397168187786436E-007
   50.600000000000001        3.9292762321847676E-007   3.9593973279002442E-007
   50.700000000000003        4.2661262160134443E-007   3.3684998382867652E-007
   50.800000000000004        4.5434724384905539E-007   2.7734622247710950E-007
   50.900000000000006        4.7615166254589037E-007   2.1804418696835004E-007
   51.000000000000000        4.9210434368242490E-007   1.5952681136534532E-007
   51.100000000000001        5.0233834732530864E-007   1.0234003642883756E-007
   51.200000000000003        5.0703726731279535E-007   4.6989199874866932E-008
   51.300000000000004        5.0643086862777994E-007  -6.0639868501537808E-009
   51.400000000000006        5.0079048119073776E-007  -5.6403874370421927E-008
   51.500000000000000        4.9042420831364056E-007  -1.0366272877097251E-007
   51.600000000000001        4.7567200699726196E-007  -1.4752201316378598E-007
   51.700000000000003        4.5690069567672988E-007  -1.8771311320532107E-007
   51.800000000000004        4.3449894296545727E-007  -2.2401752711272642E-007
   51.900000000000006        4.0887228846009381E-007  -2.5626654505363446E-007
   52.000000000000000        3.8043824379539773E-007  -2.8434044664696101E-007
   52.100000000000001        3.4962151892598254E-007  -3.0816724869415177E-007
   52.200000000000003        3.1684941511077833E-007  -3.2772103815204176E-007
   52.300000000000004        2.8254742233522665E-007  -3.4301992775551698E-007
   52.400000000000006        2.4713505497510029E-007  -3.5412367360126341E-007
   52.500000000000000        2.1102195543322929E-007  -3.6113099541871005E-007
   52.600000000000001        1.7460429131411956E-007  -3.6417664119109732E-007
   52.700000000000003        1.3826146748782414E-007  -3.6342823826295432E-007
   52.800000000000004        1.0235317017796525E-007  -3.5908297309858897E-007
   52.900000000000006        6.7216756031819640E-008  -3.5136414146145601E-007
   53.000000000000000        3.3164995032663127E-008  -3.4051760999156513E-007
   53.100000000000001        4.8417213313780478E-010  -3.2680822899525321E-007
   53.200000000000003       -3.0567451342742631E-008  -3.1051623475880436E-007
   53.300000000000004       -5.9760819131401618E-008  -2.9193367788658985E-007
   53.400000000000006       -8.6896910339313648E-008  -2.7136091207912022E-007
   53.500000000000000       -1.1180722788343693E-007  -2.4910317544123286E-007
   53.600000000000001       -1.3435395727151968E-007  -2.2546729388082754E-007
   53.700000000000003       -1.5442981061748311E-007  -2.0075853345963425E-007
   53.800000000000004       -1.7195757318997355E-007  -1.7527762572490430E-007
   53.900000000000006       -1.8688937190193974E-007  -1.4931798711966182E-007
   54.000000000000000       -1.9920568695928823E-007  -1.2316315057348487E-007
   54.100000000000001       -2.0891412939417642E-007  -9.7084424348881926E-008
   54.200000000000003       -2.1604800841337845E-007  -7.1338790192020338E-008
   54.300000000000004       -2.2066471339748661E-007  -4.6167049841081639E-008
   54.400000000000006       -2.2284393599841453E-007  -2.1792226009279074E-008
   54.500000000000000       -2.2268575810931191E-007   1.5817788910261497E-009
   54.600000000000001       -2.2030863153357133E-007   2.3771265757405850E-008
   54.700000000000003       -2.1584727497128209E-007   4.4613565622892520E-008
   54.800000000000004       -2.0945051348739450E-007   6.3967614838875951E-008
   54.900000000000006       -2.0127908494282737E-007   8.1714285445671455E-008
   55.000000000000000       -1.9150343697606032E-007   9.7756479667670487E-008
   55.100000000000001       -1.8030153703787104E-007   1.1201899938189288E-007
   55.200000000000003       -1.6785671672621251E-007   1.2444820311658524E-007
   55.300000000000004       -1.5435557026287478E-007   1.3501146463337715E-007
   55.400000000000006       -1.3998592542007520E-007   1.4369644842799572E-007
   55.500000000000000       -1.2493490356521486E-007   1.5051021854860343E-007
   55.600000000000001       -1.0938708376744540E-007   1.5547819797769470E-007
   55.700000000000003       -9.3522784121889941E-008   1.5864299645555447E-007
   55.800000000000004       -7.7516471617393361E-008   1.6006312504496575E-007
   55.900000000000006       -6.1535310021947683E-008   1.5981161595445677E-007
   56.000000000000000       -4.5737853406054815E-008   1.5797456615892868E-007
   56.100000000000001       -3.0272891086896036E-008   1.5464962319158774E-007
   56.200000000000003       -1.5278447972826240E-008   1.4994443114069795E-007
   56.300000000000004       -8.8094253473167076E-010   1.4397505438094568E-007
   56.400000000000006        1.2805497056805486E-008   1.3686439591537157E-007
   56.500000000000000        2.5679559698197732E-008   1.2874062641392244E-007
   56.600000000000001        3.7653123610538386E-008   1.1973563912340655E-007
   56.700000000000003        4.8651478091156624E-008   1.0998354480618239E-007
   56.800000000000004        5.8613400066832387E-008   9.9619219756757606E-008
   56.900000000000006        6.7491091943056034E-008   8.8776918762236487E-008
   57.000000000000000        7.5249988306037939E-008   7.7588963629819056E-008
   57.100000000000001        8.1868439967810376E-008   6.6184516617724305E-008
   57.200000000000003        8.7337284646816085E-008   5.4688446790057061E-008
   57.300000000000004        9.1659314245403340E-008   4.3220295985872610E-008
   57.400000000000006        9.4848649221607207E-008   3.1893349762038659E-008
   57.500000000000000        9.6930030956784804E-008   2.0813817351776020E-008
   57.600000000000001        9.7938043295635685E-008   1.0080123388508754E-008
   57.700000000000003        9.7916274584587666E-008  -2.1768711048023702E-010
   57.800000000000004        9.6916431563246173E-008  -9.9984302134149747E-009
   57.900000000000006        9.4997416377339295E-008  -1.9190151859068826E-008
   58.000000000000000        9.2224377786954366E-008  -2.7730385903849298E-008
   58.100000000000001        8.8667747348219141E-008  -3.5566304387352256E-008
   58.200000000000003        8.4402270957938482E-008  -4.2654763902806547E-008
   58.300000000000004        7.9506045677592478E-008  -4.8962252803460057E-008
   58.400000000000006        7.4059571204487844E-008  -5.4464744731046293E-008
   58.500000000000000        6.8144824742993560E-008  -5.9147464614942759E-008
   58.600000000000001        6.1844367357144059E-008  -6.3004573858494971E-008
   58.700000000000003        5.5240489167015598E-008  -6.6038781901284626E-008
   58.800000000000004        4.8414399994723403E-008  -6.8260891722921954E-008
   58.900000000000006        4.1445471281098583E-008  -6.9689287136248206E-008
   59.000000000000000        3.4410534290344015E-008  -7.0349369907545648E-008
   59.100000000000001        2.7383238806223738E-008  -7.0272954841202755E-008
   59.200000000000003        2.0433475708247238E-008  -6.9497630979764995E-008
   59.300000000000004        1.3626866008087091E-008  -6.8066097001601478E-008
   59.400000000000006        7.0243181328540797E-009  -6.6025478752330108E-008
   59.500000000000000        6.8165447005417731E-010  -6.3426636627999021E-008
   59.600000000000001       -5.3506925543062707E-009  -6.0323470243604480E-008
   59.700000000000003       -1.1027915301905633E-008  -5.6772227475993622E-008
   59.800000000000004       -1.6310997759105973E-008  -5.2830824572003376E-008
   59.900000000000006       -2.1166816115855235E-008  -4.8558183567492605E-008
   60.000000000000000       -2.5568175393608482E-008  -4.4013592777532453E-008
   60.100000000000001       -2.9493784953537980E-008  -3.9256095599294986E-008
   60.200000000000003       -3.2928176185935622E-008  -3.4343912323976435E-008
   60.300000000000004       -3.5861566094854026E-008  -2.9333899089184053E-008
   60.400000000000006       -3.8289670847377969E-008  -2.4281047525239449E-008
   60.500000000000000       -4.0213473653801934E-008  -1.9238028064239679E-008
   60.600000000000001       -4.1638951583366686E-008  -1.4254779295647501E-008
   60.700000000000003       -4.2576766100619530E-008  -9.3781451725284580E-009
   60.800000000000004       -4.3041922231003538E-008  -4.6515613038400834E-009
   60.900000000000006       -4.3053401332558311E-008  -1.1479101554772632E-010
   61.000000000000000       -4.2633772465709762E-008   4.1962886684854901E-009
   61.100000000000001       -4.1808787317546546E-008   8.2498514816321915E-009
   61.200000000000003       -4.0606963553616022E-008   1.2018237639305236E-008
   61.300000000000004       -3.9059161342345863E-008   1.5478022112701573E-008
   61.400000000000006       -3.7198157628215757E-008   1.8610037141301081E-008
   61.500000000000000       -3.5058222523509997E-008   2.1399351047057605E-008
   61.600000000000001       -3.2674701948804426E-008   2.3835205747055723E-008
   61.700000000000003       -3.0083610383346090E-008   2.5910915654583381E-008
   61.800000000000004       -2.7321237292327206E-008   2.7623730910188822E-008
   61.900000000000006       -2.4423770482935997E-008   2.8974668093912101E-008
   62.000000000000000       -2.1426939309184986E-008   2.9968311737510096E-008
   62.100000000000001       -1.8365680301029677E-008   3.0612590081553086E-008
   62.200000000000003       -1.5273827440271837E-008   3.0918528607578403E-008
   62.300000000000004       -1.2183828948149169E-008   3.0899984921226668E-008
   62.400000000000006       -9.1264920911511442E-009   3.0573368569980253E-008
   62.500000000000000       -6.1307571560915085E-009   2.9957349350596357E-008
   62.600000000000001       -3.2235013962239399E-009   2.9072557598675687E-008
   62.700000000000003       -4.2937341038751036E-010   2.7941279858364294E-008
   62.800000000000004        2.2293419102609727E-009   2.6587153206484829E-008
   62.900000000000006        4.7328280457744222E-009   2.5034861355134492E-008
   63.000000000000000        7.0638115940544548E-009   2.3309835482800325E-008
   63.100000000000001        9.2076078489799411E-009   2.1437962549254863E-008
   63.200000000000003        1.1152138212669354E-008   1.9445303636894125E-008
   63.300000000000004        1.2887920676047601E-008   1.7357824633782482E-008
   63.400000000000006        1.4408034809496460E-008   1.5201141334488599E-008
   63.500000000000000        1.5708062888177914E-008   1.3000280786814523E-008
   63.600000000000001        1.6786008934043515E-008   1.0779460458656006E-008
   63.700000000000003        1.7642197588275400E-008   8.5618865423188540E-009
   63.800000000000004        1.8279154833912937E-008   6.3695724563753716E-009
   63.900000000000006        1.8701472668929468E-008   4.2231783501653093E-009
   64.000000000000000        1.8915659885505878E-008   2.1418721657640971E-009
   64.100000000000009        1.8929981142398410E-008   1.4321256892530455E-010
   64.200000000000003        1.8754286525022330E-008  -1.7569461737608018E-009
   64.299999999999997        1.8399833773264830E-008  -3.5445275175749948E-009
   64.400000000000006        1.7879105321362558E-008  -5.2072845190227284E-009
   64.500000000000000        1.7205622238841772E-008  -6.7348308252078480E-009
   64.600000000000009        1.6393757088058607E-008  -8.1186515078316331E-009
   64.700000000000003        1.5458547623934015E-008  -9.3520946412459107E-009
   64.799999999999997        1.4415513156776314E-008  -1.0430344671577017E-008
   64.900000000000006        1.3280475281408733E-008  -1.1350378753675799E-008
   65.000000000000000        1.2069384546995445E-008  -1.2110907344132882E-008
   65.100000000000009        1.0798154503832867E-008  -1.2712300431625781E-008
   65.200000000000003        9.4825044177900895E-009  -1.3156500860427778E-008
   65.299999999999997        8.1378117918715503E-009  -1.3446926259185397E-008
   65.400000000000006        6.7789756793302218E-009  -1.3588361125413281E-008
   65.500000000000000        5.4202916156226577E-009  -1.3586840637075640E-008
   65.600000000000009        4.0753388389442453E-009  -1.3449527766784122E-008
   65.700000000000003        2.7568803127103111E-009  -1.3184585262339341E-008
   65.799999999999997        1.4767759096609706E-009  -1.2801044030493404E-008
   65.900000000000006        2.4590896766748756E-010  -1.2308669419934829E-008
   66.000000000000000       -9.2587371690299614E-010  -1.1717826845704836E-008
   66.100000000000009       -2.0298085300759256E-009  -1.1039348131729294E-008
   66.200000000000003       -3.0582485172894494E-009  -1.0284399872135236E-008
   66.299999999999997       -4.0046840199694026E-009  -9.4643550267995288E-009
   66.400000000000006       -4.8637509073156637E-009  -8.5906688734626126E-009
   66.500000000000000       -5.6312269412214552E-009  -7.6747603390579157E-009
   66.600000000000009       -6.3040169040197423E-009  -6.7278996279828743E-009
   66.700000000000003       -6.8801271996379176E-009  -5.7611029561817556E-009
   66.799999999999997       -7.3586307084788052E-009  -4.7850350884088760E-009
   66.900000000000006       -7.7396227347928600E-009  -3.8099202631405516E-009
   67.000000000000000       -8.0241689324432831E-009  -2.8454619765042383E-009
   67.100000000000009       -8.2142461308867527E-009  -1.9007719844346980E-009
   67.200000000000003       -8.3126770080991811E-009  -9.8430877212428789E-010
   67.299999999999997       -8.3230595713699972E-009  -1.0382563270815536E-010
   67.400000000000006       -8.2496924107635726E-009   7.3367160606425226E-010
   67.500000000000000       -8.0974966840798329E-009   1.5219572668373970E-009
   67.600000000000009       -7.8719357768894823E-009   2.2556090719035105E-009
   67.700000000000003       -7.5789335572897532E-009   2.9300221959972834E-009
   67.799999999999997       -7.2247921130971138E-009   3.5414144419263949E-009
   67.900000000000006       -6.8161098199831350E-009   4.0868229311397860E-009
   68.000000000000000       -6.3597005433250239E-009   4.5640927665811102E-009
   68.100000000000009       -5.8625147250665679E-009   4.9718581825845577E-009
   68.200000000000003       -5.3315630504703695E-009   5.3095167459619862E-009
   68.299999999999997       -4.7738433290992775E-009   5.5771972137109232E-009
   68.400000000000006       -4.1962711605057467E-009   5.7757216859353046E-009
   68.500000000000000       -3.6056148887368352E-009   5.9065627176891142E-009
   68.600000000000009       -3.0084352816690012E-009   5.9717960706783423E-009
   68.700000000000003       -2.4110303021378688E-009   5.9740497953113256E-009
   68.799999999999997       -1.8193852685619141E-009   5.9164503357595459E-009
   68.900000000000006       -1.2391286339791382E-009   5.8025663458277595E-009
   69.000000000000000       -6.7549354478570954E-010   5.6363508919342861E-009
   69.100000000000009       -1.3328527460409523E-010   5.4220827018161433E-009
   69.200000000000003        3.8314543481447941E-010   5.1643070941857461E-009
   69.299999999999997        8.6992315441398051E-010   4.8677771959950109E-009
   69.400000000000006        1.3236627564893667E-009   4.5373960207538623E-009
   69.500000000000000        1.7414787508960900E-009   4.1781599440672323E-009
   69.600000000000009        2.1209891580735163E-009   3.7951040717742610E-009
   69.700000000000003        2.4603141533113358E-009   3.3932499523781960E-009
   69.799999999999997        2.7580697572541511E-009   2.9775560394281526E-009
   69.900000000000006        3.0133568834272841E-009   2.5528712617313299E-009
   70.000000000000000        3.2257460844574876E-009   2.1238920103020349E-009
   70.100000000000009        3.3952583645916062E-009   1.6951228013411843E-009
   70.200000000000003        3.5223424470731025E-009   1.2708408248149646E-009
   70.299999999999997        3.6078489009597931E-009   8.5506453886690608E-010
   70.400000000000006        3.6530015431425513E-009   4.5152642182758139E-010
   70.500000000000000        3.6593665377847461E-009   6.3649946421947159E-011
   70.600000000000009        3.6288196173169837E-009  -3.0546920467762487E-010
   70.700000000000003        3.5635118466994393E-009  -6.5307770617544195E-010
   70.799999999999997        3.4658343461457779E-009  -9.7677500553661377E-010
   70.900000000000006        3.3383823771583418E-009  -1.2745196898743609E-009
   71.000000000000000        3.1839191828486942E-009  -1.5446319430964770E-009
   71.100000000000009        3.0053399564260418E-009  -1.7857922642265226E-009
   71.200000000000003        2.8056362917602615E-009  -1.9970366466578009E-009
   71.299999999999997        2.5878614474101676E-009  -2.1777484435009372E-009
   71.400000000000006        2.3550967308034769E-009  -2.3276471660669071E-009
   71.500000000000000        2.1104192827190861E-009  -2.4467744808439094E-009
   71.600000000000009        1.8568715142117238E-009  -2.5354776850736227E-009
   71.700000000000003        1.5974324189876124E-009  -2.5943909522411140E-009
   71.799999999999997        1.3349909543348303E-009  -2.6244146465278195E-009
   71.900000000000006        1.0723216533713392E-009  -2.6266930096349116E-009
   72.000000000000000        8.1206260092230916E-010  -2.6025905244903000E-009
   72.100000000000009        5.5669587508650756E-010  -2.5536672583580160E-009
   72.200000000000003        3.0853052679163095E-010  -2.4816534829487659E-009
   72.299999999999997        6.9688140643581910E-011  -2.3884238614804905E-009
   72.400000000000006       -1.5790900760350051E-010  -2.2759714824708240E-009
   72.500000000000000       -3.7254720836219381E-010  -2.1463820075869328E-009
   72.600000000000009       -5.7272802699933053E-010  -2.0018081863713668E-009
   72.700000000000003       -7.5717252443461705E-010  -1.8444449743528654E-009
   72.799999999999997       -9.2482307175379314E-010  -1.6765054731917605E-009
   72.900000000000006       -1.0748428609894725E-009  -1.5001978923567932E-009
   73.000000000000000       -1.2066132321534733E-009  -1.3177037116400064E-009
   73.100000000000009       -1.3197289524377391E-009  -1.1311572028426587E-009
   73.200000000000003       -1.4139915971834143E-009  -9.4262644745675192E-010
   73.299999999999997       -1.4894011937199716E-009  -7.5409596536557291E-010
   73.400000000000006       -1.5461462984925013E-009  -5.6745104772529712E-010
   73.500000000000000       -1.5845926850414795E-009  -3.8446386548978210E-010
   73.600000000000009       -1.6052708254125940E-009  -2.0678140371114506E-010
   73.700000000000003       -1.6088623505110269E-009  -3.5915250984328406E-011
   73.799999999999997       -1.5961856758494278E-009   1.2676674661599071E-010
   73.900000000000006       -1.5681809781624144E-009   2.8004697687013397E-010
   74.000000000000000       -1.5258947055781275E-009   4.2286272584286873E-010
   74.100000000000009       -1.4704637995672736E-009   5.5430906010853806E-010
   74.200000000000003       -1.4030998008612898E-009   6.7363998705983854E-010
   74.299999999999997       -1.3250730040819922E-009   7.8026796779297562E-010
   74.400000000000006       -1.2376968171008396E-009   8.7376186981152601E-010
   74.500000000000000       -1.1423124712977362E-009   9.5384345803103365E-010
   74.600000000000009       -1.0402742180718105E-009   1.0203825322592555E-009
   74.700000000000003       -9.3293513532646319E-010   1.0733908274534737E-009
   74.799999999999997       -8.2163365536511859E-010   1.1130147996134464E-009
   74.900000000000006       -7.0768091284818996E-010   1.1395274251692859E-009
   75.000000000000000       -5.9234899832862586E-010   1.1533191451956407E-009
   75.100000000000009       -4.7686018955175368E-010   1.1548880877687211E-009
   75.200000000000003       -3.6237721931820767E-010   1.1448297023354603E-009
   75.299999999999997       -2.4999462540315688E-010   1.1238259391505080E-009
   75.400000000000006       -1.4073121492982706E-010   1.0926341047332981E-009
   75.500000000000000       -3.5523662830865474E-011   1.0520755209896158E-009
   75.600000000000009        6.4778748291456684E-011   1.0030241112232215E-009
   75.700000000000003        1.5941825137474814E-010   9.4639503083291457E-010
   75.799999999999997        2.4773159679012752E-010   8.8313345415379404E-010
   75.900000000000006        3.2915195896683667E-010   8.1420362176709150E-010
   76.000000000000000        4.0320978344504202E-010   7.4057824478205329E-010
   76.100000000000009        4.6953261886488664E-010   6.6322835419844638E-010
   76.200000000000003        5.2784398632509017E-010   5.8311367460203544E-010
   76.299999999999997        5.7796134554903269E-010   5.0117359223942463E-010
   76.400000000000006        6.1979322335628767E-010   4.1831877807255017E-010
   76.500000000000000        6.5333557503961707E-010   3.3542351683329389E-010
   76.600000000000009        6.7866745338838378E-010   2.5331878348766747E-010
   76.700000000000003        6.9594606328582835E-010   1.7278609897444571E-010
   76.800000000000011        7.0540128205554246E-010   9.4552187697140584E-011
   76.900000000000006        7.0732972706621537E-010   1.9284450106729309E-011
   77.000000000000000        7.0208845255569250E-010  -5.2412745105228694E-011
   77.100000000000009        6.9008835724513885E-010  -1.2000095310553651E-010
   77.200000000000003        6.7178738312766153E-010  -1.8300974117477357E-010
   77.300000000000011        6.4768358388478137E-010  -2.4103799242880108E-010
   77.400000000000006        6.1830813876519749E-010  -2.9375445119583921E-010
   77.500000000000000        5.8421838451394083E-010  -3.4089754251256704E-010
   77.600000000000009        5.4599093413010753E-010  -3.8227450383833280E-010
   77.700000000000003        5.0421494692416486E-010  -4.1775987205942692E-010
   77.800000000000011        4.5948560960927764E-010  -4.4729337314887210E-010
   77.900000000000006        4.1239788306404202E-010  -4.7087726545235628E-010
   78.000000000000000        3.6354056401542775E-010  -4.8857319048614267E-010
   78.100000000000009        3.1349070527908992E-010  -5.0049858736337834E-010
   78.200000000000003        2.6280843242677807E-010  -5.0682272852311852E-010
   78.300000000000011        2.1203218889281402E-010  -5.0776243533964047E-010
   78.400000000000006        1.6167443564662004E-010  -5.0357753246193982E-010
   78.500000000000000        1.1221782570626956E-010  -4.9456609940350484E-010
   78.600000000000009        6.4111868005873904E-011  -4.8105957700395656E-010
   78.700000000000003        1.7770089510439288E-011  -4.6341778495434614E-010
   78.800000000000011       -2.6432300955327991E-011  -4.4202390465767277E-010
   78.900000000000006       -6.8160248888253620E-011  -4.1727947932925629E-010
   79.000000000000000       -1.0712019693565043E-010  -3.8959948047396812E-010
   79.100000000000009       -1.4306094561132090E-010  -3.5940748675670463E-010
   79.200000000000003       -1.7577404739709464E-010  -3.2713101785773733E-010
   79.300000000000011       -2.0509375361960874E-010  -2.9319706222514104E-010
   79.400000000000006       -2.3089653699480105E-010  -2.5802783375192312E-010
   79.500000000000000       -2.5310021583128571E-010  -2.2203678836484685E-010
   79.600000000000009       -2.7166270856763332E-010  -1.8562492736347594E-010
   79.700000000000003       -2.8658044958148719E-010  -1.4917741013853881E-010
   79.800000000000011       -2.9788649904883351E-010  -1.1306049467346314E-010
   79.900000000000006       -3.0564838105232418E-010  -7.7618820034906637E-011
   80.000000000000000       -3.0996568514511708E-010  -4.3173040927928886E-011
   80.100000000000009       -3.1096746718181914E-010  -1.0017820367020732E-011
   80.200000000000003       -3.0880948544486789E-010   2.1579817369512219E-011
   80.300000000000011       -3.0367130794031556E-010   5.1381775045523399E-011
   80.400000000000006       -2.9575332623158768E-010   7.9179817087278795E-011
   80.500000000000000       -2.8527371034598031E-010   1.0479615885607363E-010
   80.600000000000009       -2.7246533815119349E-010   1.2808372194786798E-010
   80.700000000000003       -2.5757273118463408E-010   1.4892606966559393E-010
   80.800000000000011       -2.4084902725455629E-010   1.6723703930077764E-010
   80.900000000000006       -2.2255301824843684E-010   1.8296009006119440E-010
   81.000000000000000       -2.0294627951013899E-010   1.9606738738297837E-010
   81.100000000000009       -1.8229041491365466E-010   2.0655864596484334E-010
   81.200000000000003       -1.6084443939785800E-010   2.1445975515796663E-010
   81.300000000000011       -1.3886231826387259E-010   2.1982121133985409E-010
   81.400000000000006       -1.1659068000394771E-010   2.2271638259924864E-010
   81.500000000000000       -9.4266716856979606E-011   2.2323963146968098E-010
   81.600000000000009       -7.2116284698790116E-011   2.2150432158189490E-010
   81.700000000000003       -5.0352211301522199E-011   2.1764073397267916E-010
   81.800000000000011       -2.9172819461102456E-011   2.1179391840419744E-010
   81.900000000000006       -8.7606690180926718E-012   2.0412150443009781E-010
   82.000000000000000        1.0718480592947547E-011   1.9479149611040219E-010
   82.100000000000009        2.9116487917506286E-011   1.8398007324558734E-010
   82.200000000000003        4.6303429996662023E-011   1.7186942079155735E-010
   82.300000000000011        6.2167990671893356E-011   1.5864560675231330E-010
   82.400000000000006        7.6617643406644192E-011   1.4449652734750828E-010
   82.500000000000000        8.9578637070591035E-011   1.2960993663946843E-010
   82.600000000000009        1.0099579468063463E-010   1.1417157610043592E-010
   82.700000000000003        1.1083213646336970E-010   9.8363417827350661E-011
   82.800000000000011        1.1906833979233432E-010   8.2362033289646149E-011
   82.900000000000006        1.2570204955692737E-010   6.6337097645930411E-011
   83.000000000000000        1.3074705333772149E-010   5.0450037807941147E-011
   83.100000000000009        1.3423233639609868E-010   3.4852830583771944E-011
   83.200000000000003        1.3620103193759603E-010   1.9686955414973477E-011
   83.300000000000011        1.3670928238264256E-010   5.0825044504652002E-012
   83.400000000000006        1.3582502748161031E-010  -8.8425490103223157E-012
   83.500000000000000        1.3362673505081359E-010  -2.1982924307967232E-011
   83.600000000000009        1.3020208989104856E-010  -3.4246451597650230E-011
   83.700000000000003        1.2564665609036130E-010  -4.5554338006872576E-011
   83.800000000000011        1.2006252741880479E-010  -5.5841286715565078E-011
   83.900000000000006        1.1355697990663806E-010  -6.5055475121667306E-011
   84.000000000000000        1.0624113997101329E-010  -7.3158399356247751E-011
   84.100000000000009        9.8228680632459615E-011  -8.0124593385536694E-011
   84.200000000000003        8.9634557454509036E-011  -8.5941231779505821E-011
   84.300000000000011        8.0573794860910898E-011  -9.0607625935981427E-011
   84.400000000000006        7.1160332448383553E-011  -9.4134624125273437E-011
   84.500000000000000        6.1505939831998737E-011  -9.6543926163848118E-011
   84.600000000000009        5.1719207448113178E-011  -9.7867323838855588E-011
   84.700000000000003        4.1904619608940766E-011  -9.8145878391724126E-011
   84.800000000000011        3.2161714965637563E-011  -9.7429046433031996E-011
   84.900000000000006        2.2584338404843147E-011  -9.5773765607944151E-011
   85.000000000000000        1.3259987288040019E-011  -9.3243511168031269E-011
   85.100000000000009        4.2692538541966483E-012  -8.9907334338433699E-011
   85.200000000000003       -4.3146354464965198E-012  -8.5838893006931682E-011
   85.300000000000011       -1.2426183927690065E-011  -8.1115484811935445E-011
   85.400000000000006       -2.0007893145547032E-011  -7.5817092178569661E-011
   85.500000000000000       -2.7010437971055680E-011  -7.0025448255086473E-011
   85.600000000000009       -3.3392751175578338E-011  -6.3823132045226582E-011
   85.700000000000003       -3.9122021208119081E-011  -5.7292700325407416E-011
   85.800000000000011       -4.4173607526951592E-011  -5.0515863188325141E-011
   85.900000000000006       -4.8530878454572965E-011  -4.3572709276213725E-011
   86.000000000000000       -5.2184977051267541E-011  -3.6540985966945744E-011
   86.100000000000009       -5.5134520947614710E-011  -2.9495438963471703E-011
   86.200000000000003       -5.7385242439668372E-011  -2.2507214920536645E-011
   86.300000000000011       -5.8949575432722665E-011  -1.5643329930542975E-011
   86.400000000000006       -5.9846196021797017E-011  -8.9662058907435594E-012
   86.500000000000000       -6.0099523621199684E-011  -2.5332759940266796E-012
   86.600000000000009       -5.9739189604420223E-011   3.6033401677946231E-012
   86.700000000000003       -5.8799480392435527E-011   9.3970921198469139E-012
   86.800000000000011       -5.7318761837125712E-011   1.4807185553098122E-011
   86.900000000000006       -5.5338891591210133E-011   1.9798702459155785E-011
   87.000000000000000       -5.2904625941678230E-011   2.4342656495319010E-011
   87.100000000000009       -5.0063027315206144E-011   2.8415986264720880E-011
   87.200000000000003       -4.6862878346905597E-011   3.2001489683005448E-011
   87.300000000000011       -4.3354108043551024E-011   3.5087703033545738E-011
   87.400000000000006       -3.9587235174928669E-011   3.7668728686223550E-011
   87.500000000000000       -3.5612833597988143E-011   3.9744015769405240E-011
   87.600000000000009       -3.1481023763914763E-011   4.1318098340733789E-011
   87.700000000000003       -2.7240994183905905E-011   4.2400295800088579E-011
   87.800000000000011       -2.2940556141058430E-011   4.3004380428474738E-011
   87.900000000000006       -1.8625734438942743E-011   4.3148217021156843E-011
   88.000000000000000       -1.4340396477543415E-011   4.2853379613993277E-011
   88.100000000000009       -1.0125921449438620E-011   4.2144750281047956E-011
   88.200000000000003       -6.0209109582446778E-012   4.1050104911939417E-011
   88.300000000000011       -2.0609418820279856E-012   3.9599690762166917E-011
   88.400000000000006        1.7216381591981519E-012   3.7825800412261375E-011
   88.500000000000000        5.2978728167710016E-012   3.5762346575728490E-011
   88.600000000000009        8.6423170132974988E-012   3.3444441965264962E-011
   88.700000000000003        1.1733115829864695E-011   3.0907988165671961E-011
   88.800000000000011        1.4552043547304883E-011   2.8189277174401892E-011
   88.900000000000006        1.7084504443400015E-011   2.5324608960951312E-011
   89.000000000000000        1.9319497250256390E-011   2.2349928068563744E-011
   89.100000000000009        2.1249545444267382E-011   1.9300481940109918E-011
   89.200000000000003        2.2870595774135150E-011   1.6210503298677682E-011
   89.300000000000011        2.4181887629768180E-011   1.3112918556330283E-011
   89.400000000000006        2.5185796016321875E-011   1.0039083865536949E-011
   89.500000000000000        2.5887651023384666E-011   7.0185500706279137E-012
   89.600000000000009        2.6295536769860470E-011   4.0788574647580516E-012
   89.700000000000003        2.6420072861313882E-011   1.2453609145341017E-012
   89.800000000000011        2.6274181419581482E-011  -1.4589144173239919E-012
   89.900000000000006        2.5872842735739889E-011  -4.0133868384159401E-012
   90.000000000000000        2.5232842558732976E-011  -6.4000017700691324E-012
   90.100000000000009        2.4372513964989079E-011  -8.6032859374389731E-012
   90.200000000000003        2.3311476661282484E-011  -1.0610373037065932E-011
   90.300000000000011        2.2070376456148395E-011  -1.2411002051340883E-011
   90.400000000000006        2.0670627496709526E-011  -1.3997489594388678E-011
   90.500000000000000        1.9134159710275506E-011  -1.5364677864340197E-011
   90.600000000000009        1.7483173716060433E-011  -1.6509859942150739E-011
   90.700000000000003        1.5739905284395508E-011  -1.7432684316649246E-011
   90.800000000000011        1.3926401221469874E-011  -1.8135040629256333E-011
   90.900000000000006        1.2064308349475823E-011  -1.8620928719940506E-011
   91.000000000000000        1.0174677037586716E-011  -1.8896313118891062E-011
   91.100000000000009        8.2777805209161982E-012  -1.8968965166705180E-011
   91.200000000000003        6.3929510248700437E-012  -1.8848294960461542E-011
   91.300000000000011        4.5384334933774968E-012  -1.8545175314925469E-011
   91.400000000000006        2.7312575035258020E-012  -1.8071759898516946E-011
   91.500000000000000        9.8712773813143382E-013  -1.7441297653943682E-011
   91.600000000000009       -6.7966681637453040E-013  -1.6667945545059642E-011
   91.700000000000003       -2.2563249749914514E-012  -1.5766581586169209E-011
   91.800000000000011       -3.7315869759276117E-012  -1.4752620009361601E-011
   91.900000000000006       -5.0957700070576874E-012  -1.3641830311300760E-011
   92.000000000000000       -6.3407861865606826E-012  -1.2450161795029953E-011
   92.100000000000009       -7.4601436952229220E-012  -1.1193575086622387E-011
   92.200000000000003       -8.4489318914998188E-012  -9.8878819627689767E-012
   92.300000000000011       -9.3037913590478735E-012  -8.5485946754805462E-012
   92.400000000000006       -1.0022869939628047E-011  -7.1907858058017320E-012
   92.500000000000000       -1.0605765891782931E-011  -5.8289595215488405E-012
   92.600000000000009       -1.1053459387412242E-011  -4.4769349562931053E-012
   92.700000000000003       -1.1368233614385965E-011  -3.1477422697372255E-012
   92.800000000000011       -1.1553586793867142E-011  -1.8535317948117680E-012
   92.900000000000006       -1.1614136446435587E-011  -6.0549652568446541E-013
   93.000000000000000       -1.1555517251911256E-011   5.8619194524331673E-013
   93.100000000000009       -1.1384273844594028E-011   1.7124340731722765E-012
   93.200000000000003       -1.1107749869196721E-011   2.7652397539730659E-012
   93.300000000000011       -1.0733974593877312E-011   3.7377527531940843E-012
   93.400000000000006       -1.0271548336385101E-011   4.6242625749221111E-012
   93.500000000000000       -9.7295279084036498E-012   5.4202042798145158E-012
   93.600000000000009       -9.1173132227372336E-012   6.1221468566641555E-012
   93.700000000000003       -8.4445361391267659E-012   6.7277708361046709E-012
   93.800000000000011       -7.7209525483055552E-012   7.2358359082121135E-012
   93.900000000000006       -6.9563386115423488E-012   7.6461393676320624E-012
   94.000000000000000       -6.1603919855018791E-012   7.9594662604046942E-012
   94.100000000000009       -5.3426387709084142E-012   8.1775321459346478E-012
   94.200000000000003       -4.5123468293355388E-012   8.3029194157287569E-012
   94.300000000000011       -3.6784460165479518E-012   8.3390081278758733E-012
   94.400000000000006       -2.8494557842342641E-012   8.2899023231368748E-012
   94.500000000000000       -2.0334205056939183E-012   8.1603527854034571E-012
   94.600000000000009       -1.2378527860236506E-012   7.9556771967026754E-012
   94.700000000000003       -4.6968492447665992E-013   7.6816786154699068E-012
   94.800000000000011        2.6477139323774780E-013   7.3445631771440770E-012
   94.900000000000006        9.5985718113405769E-013   6.9508578789630984E-012
   95.000000000000000        1.6105901078242115E-012   6.5073292669015374E-012
   95.100000000000009        2.2126804871016153E-012   6.0209037927740391E-012
   95.200000000000003        2.7625395425441326E-012   5.4985905544251750E-012
   95.300000000000011        3.2572802497890829E-012   4.9474070724495030E-012
   95.400000000000006        3.6947111191738951E-012   4.3743086938481199E-012
   95.500000000000000        4.0733233338977276E-012   3.7861221472383247E-012
   95.600000000000009        4.3922717045463914E-012   3.1894837064866356E-012
   95.700000000000003        4.6513499396171582E-012   2.5907823507076645E-012
   95.800000000000011        4.8509607635382149E-012   1.9961082392105653E-012
   95.900000000000006        4.9920814386278368E-012   1.4112067508962156E-012
   96.000000000000000        5.0762252655766993E-012   8.4143826948862110E-013
   96.100000000000009        5.1053996485223511E-012   2.9174382945652013E-013
   96.200000000000003        5.0820613158354974E-012  -2.3338332686854099E-013
   96.300000000000011        5.0090692866246306E-012  -7.2992029210866369E-013
   96.400000000000006        4.8896361660080616E-012  -1.1943312061656935E-012
   96.500000000000000        4.7272783397622403E-012  -1.6235782624582151E-012
   96.600000000000009        4.5257656214310876E-012  -2.0151271833115287E-012
   96.700000000000003        4.2890708828021813E-012  -2.3669473862890611E-012
   96.800000000000011        4.0213201722766991E-012  -2.6775071052548263E-012
   96.900000000000006        3.7267437955547238E-012  -2.9457637672197552E-012
   97.000000000000000        3.4096287997132999E-012  -3.1711499584142402E-012
   97.100000000000009        3.0742732656668140E-012  -3.3535553404648579E-012
   97.200000000000003        2.7249427756659845E-012  -3.4933049000082965E-012
   97.300000000000011        2.3658293824085364E-012  -3.5911339325744801E-012
   97.400000000000006        2.0010133649898755E-012  -3.6481601741866094E-012
   97.500000000000000        1.6344280147922489E-012  -3.6658535019762663E-012
   97.600000000000009        1.2698276519565811E-012  -3.6460036283566780E-012
   97.700000000000003        9.1075903074313084E-013  -3.5906862121345022E-012
   97.800000000000011        5.6053625028292183E-013  -3.5022278046020905E-012
   97.900000000000006        2.2221924634289396E-013  -3.3831700394002783E-012
   98.000000000000000       -1.0140409986356144E-013  -3.2362334620645538E-012
   98.100000000000009       -4.0783223776105845E-013  -3.0642813789749699E-012
   98.200000000000003       -6.9486064638607002E-013  -2.8702840862501157E-012
   98.300000000000011       -9.6058902811597028E-013  -2.6572838172990030E-012
   98.400000000000006       -1.2034251004782159E-012  -2.4283607236224559E-012
   98.500000000000000       -1.4220851182175670E-012  -2.1866001773935114E-012
   98.600000000000009       -1.6155912838877749E-012  -1.9350616567020792E-012
   98.700000000000003       -1.7832662284355947E-012  -1.6767494454781978E-012
   98.800000000000011       -1.9247247634716676E-012  -1.4145853503607284E-012
   98.900000000000006       -2.0398631241212203E-012  -1.1513836064955252E-012
   99.000000000000000       -2.1288459354970830E-012  -8.8982811375862687E-013
   99.100000000000009       -2.1920911469491819E-012  -6.3245211452098723E-013
   99.200000000000003       -2.2302531863591838E-012  -3.8162039410001965E-013
   99.300000000000011       -2.2442045919350939E-012  -1.3951405575910029E-013
   99.400000000000006       -2.2350163813128577E-012   9.1882106222364145E-014
   99.500000000000000       -2.2039374174086046E-012   3.1078963904253167E-013
   99.600000000000009       -2.1523730275254779E-012   5.1564389883126553E-013
   99.700000000000003       -2.0818631268612529E-012   7.0509900664225004E-013
   99.800000000000011       -1.9940600899616266E-012   8.7803036899626279E-013
   99.900000000000006       -1.8907066040073655E-012   1.0335348595426123E-012
   100.00000000000000       -1.7736137263107437E-012   1.1709287769662183E-012
