-------------------------------------------------------------------------------------------------------------------------------------------------------------------------
|                           |                           |                           |                           |                           |                           |
-------------------------------------------------------------------------------------------------------------------------------------------------------------------------
|  0.482669427481082014D+01 |  0.848939764442246414D+01 |  0.116399090519917658D+01 |  0.122469828405026493D+01 |  0.988862374333322514D+01 |  0.864479037782533339D+02 | 
-------------------------------------------------------------------------------------------------------------------------------------------------------------------------
|                           |                           |                           |                           |                           |                           |
-------------------------------------------------------------------------------------------------------------------------------------------------------------------------
|  0.301729536606910376D+01 |  0.419540223471429208D+01 |  0.183918849742391433D+01 |  0.269037043855055824D+01 |  0.112519342594645479D+02 |  0.490387391277818239D+02 | 
-------------------------------------------------------------------------------------------------------------------------------------------------------------------------
|                           |                           |                           |                           |                           |                           |
-------------------------------------------------------------------------------------------------------------------------------------------------------------------------
|  0.279299692699581037D+01 |  0.336325662660259317D+01 |  0.222273722738902757D+01 |  0.271823078063804546D+01 |  0.112799024273635773D+02 |  0.448596878146586420D+02 | 
-------------------------------------------------------------------------------------------------------------------------------------------------------------------------
|                           |                           |                           |                           |                           |                           |
-------------------------------------------------------------------------------------------------------------------------------------------------------------------------
|  0.273817829236457566D+01 |  0.302099082092448512D+01 |  0.245536576380466665D+01 |  0.271990541415416409D+01 |  0.112816035258166316D+02 |  0.438549077049876672D+02 | 
-------------------------------------------------------------------------------------------------------------------------------------------------------------------------
|                           |                           |                           |                           |                           |                           |
-------------------------------------------------------------------------------------------------------------------------------------------------------------------------
|  0.272074138633149332D+01 |  0.277715611868446510D+01 |  0.266432665397852153D+01 |  0.272001577489799917D+01 |  0.112817159704277810D+02 |  0.435366860097041624D+02 | 
-------------------------------------------------------------------------------------------------------------------------------------------------------------------------
|                           |                           |                           |                           |                           |                           |
-------------------------------------------------------------------------------------------------------------------------------------------------------------------------
|  0.272019730174036800D+01 |  0.274840236104514357D+01 |  0.269199224243559243D+01 |  0.272001594020999482D+01 |  0.112817161390136675D+02 |  0.435267672900252407D+02 | 
-------------------------------------------------------------------------------------------------------------------------------------------------------------------------
|                           |                           |                           |                           |                           |                           |
-------------------------------------------------------------------------------------------------------------------------------------------------------------------------
|  0.272002320514436180D+01 |  0.272566406937091443D+01 |  0.271438234091780917D+01 |  0.272001595121206430D+01 |  0.112817161506406638D+02 |  0.435235936180333738D+02 | 
-------------------------------------------------------------------------------------------------------------------------------------------------------------------------
|                           |                           |                           |                           |                           |                           |
-------------------------------------------------------------------------------------------------------------------------------------------------------------------------
|  0.272001776470742751D+01 |  0.272283819451391018D+01 |  0.271719733490094484D+01 |  0.272001595122850492D+01 |  0.112817161502428345D+02 |  0.435234954743179969D+02 | 
-------------------------------------------------------------------------------------------------------------------------------------------------------------------------
|                           |                           |                           |                           |                           |                           |
-------------------------------------------------------------------------------------------------------------------------------------------------------------------------
|  0.272001602376892304D+01 |  0.272058010958309282D+01 |  0.271945193795475326D+01 |  0.272001595122972573D+01 |  0.112817161612710475D+02 |  0.435233515894139984D+02 | 
-------------------------------------------------------------------------------------------------------------------------------------------------------------------------
|                           |                           |                           |                           |                           |                           |
-------------------------------------------------------------------------------------------------------------------------------------------------------------------------
|  0.272001596936521928D+01 |  0.272029801227091639D+01 |  0.271973392645952217D+01 |  0.272001595123120632D+01 |  0.112817162722933499D+02 |  0.435229630113553796D+02 | 
-------------------------------------------------------------------------------------------------------------------------------------------------------------------------
|                           |                           |                           |                           |                           |                           |
-------------------------------------------------------------------------------------------------------------------------------------------------------------------------
|  0.272001595194026846D+01 |  0.272007236051807721D+01 |  0.271995954336245971D+01 |  0.272001595121307238D+01 |  0.112817168570108102D+02 |  0.438538094726936691D+02 | 
-------------------------------------------------------------------------------------------------------------------------------------------------------------------------
|                           |                           |                           |                           |                           |                           |
-------------------------------------------------------------------------------------------------------------------------------------------------------------------------
|  0.272001595119641948D+01 |  0.272002159218409645D+01 |  0.272001031020874251D+01 |  0.272001595116866390D+01 |  0.112819661020798385D+02 |  0.111022302462515668D+03 | 
-------------------------------------------------------------------------------------------------------------------------------------------------------------------------
|                           |                           |                           |                           |                           |                           |
-------------------------------------------------------------------------------------------------------------------------------------------------------------------------
|  0.272001595025272991D+01 |  0.272001651424602642D+01 |  0.272001538625943340D+01 |  0.272001594997517415D+01 |  0.112918933462916975D+02 |  0.111022302462515669D+06 | 
-------------------------------------------------------------------------------------------------------------------------------------------------------------------------
|                           |                           |                           |                           |                           |                           |
-------------------------------------------------------------------------------------------------------------------------------------------------------------------------
|  0.272001595691406806D+01 |  0.272001602352744953D+01 |  0.272001589030068658D+01 |  0.272001596061481132D+01 |  0.148029736616687515D+02 | -0.111022302462515637D+09 | 
-------------------------------------------------------------------------------------------------------------------------------------------------------------------------
